职业	等级	力量	智慧	根骨	体魄	敏捷	身法	生命值	物理攻击	法术攻击	物理防御	法术防御	真气	护体	护体恢复	灵力	生命恢复	移动速度
key:group	level																	
int	int																	
1	1	13	10	15	10	10	10	96	40	0	0	0	10	100		300		5
1	2	14	11	17	11	11	11	108	40	0	0	0	10	100		300		5
1	3	15	12	19	12	12	12	120	40	0	0	0	10	100		300		5
1	4	16	13	21	13	13	13	132	40	0	0	0	10	100		300		5
1	5	17	14	23	14	14	14	144	40	0	0	0	10	100		300		5
1	6	18	15	25	15	15	15	156	40	0	0	0	10	100		300		5
1	7	19	16	27	16	16	16	168	40	0	0	0	10	100		300		5
1	8	20	17	29	17	17	17	180	40	0	0	0	10	100		300		5
1	9	21	18	31	18	18	18	192	40	0	0	0	10	100		300		5
1	10	22	19	33	19	19	19	204	40	0	0	0	10	100		300		5
1	11	23	20	35	20	20	20	216	40	0	0	0	10	100		300		5
1	12	24	21	37	21	21	21	228	40	0	0	0	10	100		300		5
1	13	25	22	39	22	22	22	240	40	0	0	0	10	100		300		5
1	14	26	23	41	23	23	23	252	40	0	0	0	10	100		300		5
1	15	28	24	43	24	24	24	264	40	0	0	0	10	100		300		5
1	16	29	25	44	25	25	25	276	40	0	0	0	10	100		300		5
1	17	30	26	46	26	26	26	288	40	0	0	0	10	100		300		5
1	18	31	27	48	27	27	27	300	40	0	0	0	10	100		300		5
1	19	32	28	50	28	28	28	312	40	0	0	0	10	100		300		5
1	20	33	29	52	29	29	29	324	40	0	0	0	10	100		300		5
1	21	35	30	56	30	30	30	348	40	0	0	0	10	100		300		5
1	22	37	31	60	31	31	31	372	40	0	0	0	10	100		300		5
1	23	39	32	64	32	32	32	396	40	0	0	0	10	100		300		5
1	24	41	33	68	33	33	33	420	40	0	0	0	10	100		300		5
1	25	43	34	72	34	34	34	444	40	0	0	0	10	100		300		5
1	26	45	35	76	35	35	35	468	40	0	0	0	10	100		300		5
1	27	47	36	80	36	36	36	492	40	0	0	0	10	100		300		5
1	28	50	37	83	37	37	37	516	40	0	0	0	10	100		300		5
1	29	52	38	87	38	38	38	540	40	0	0	0	10	100		300		5
1	30	54	39	91	39	39	39	564	40	0	0	0	10	100		300		5
1	31	56	40	95	40	40	40	588	40	0	0	0	10	100		300		5
1	32	58	41	99	41	41	41	612	40	0	0	0	10	100		300		5
1	33	60	42	103	42	42	42	636	40	0	0	0	10	100		300		5
1	34	62	43	107	43	43	43	660	40	0	0	0	10	100		300		5
1	35	64	44	111	44	44	44	684	40	0	0	0	10	100		300		5
1	36	66	45	115	45	45	45	708	40	0	0	0	10	100		300		5
1	37	68	46	119	46	46	46	732	40	0	0	0	10	100		300		5
1	38	71	47	122	47	47	47	756	40	0	0	0	10	100		300		5
1	39	73	48	126	48	48	48	780	40	0	0	0	10	100		300		5
1	40	75	49	130	49	49	49	804	40	0	0	0	10	100		300		5
1	41	77	50	134	50	50	50	828	40	0	0	0	10	100		300		5
1	42	79	51	138	51	51	51	852	40	0	0	0	10	100		300		5
1	43	81	52	142	52	52	52	876	40	0	0	0	10	100		300		5
1	44	83	53	146	53	53	53	900	40	0	0	0	10	100		300		5
1	45	85	54	150	54	54	54	924	40	0	0	0	10	100		300		5
1	46	87	55	154	55	55	55	948	40	0	0	0	10	100		300		5
1	47	89	56	158	56	56	56	972	40	0	0	0	10	100		300		5
1	48	92	57	161	57	57	57	996	40	0	0	0	10	100		300		5
1	49	94	58	165	58	58	58	1020	40	0	0	0	10	100		300		5
1	50	96	59	169	59	59	59	1044	40	0	0	0	10	100		300		5
1	51	98	60	173	60	60	60	1068	40	0	0	0	10	100		300		5
1	52	100	61	177	61	61	61	1092	40	0	0	0	10	100		300		5
1	53	102	62	181	62	62	62	1116	40	0	0	0	10	100		300		5
1	54	104	63	185	63	63	63	1140	40	0	0	0	10	100		300		5
1	55	106	64	189	64	64	64	1164	40	0	0	0	10	100		300		5
1	56	108	65	193	65	65	65	1188	40	0	0	0	10	100		300		5
1	57	110	66	197	66	66	66	1212	40	0	0	0	10	100		300		5
1	58	113	67	200	67	67	67	1236	40	0	0	0	10	100		300		5
1	59	115	68	204	68	68	68	1260	40	0	0	0	10	100		300		5
1	60	117	69	208	69	69	69	1284	40	0	0	0	10	100		300		5
1	61	120	70	214	70	70	70	1320	40	0	0	0	10	100		300		5
1	62	123	71	220	71	71	71	1356	40	0	0	0	10	100		300		5
1	63	126	72	226	72	72	72	1392	40	0	0	0	10	100		300		5
1	64	129	73	232	73	73	73	1428	40	0	0	0	10	100		300		5
1	65	133	74	238	74	74	74	1464	40	0	0	0	10	100		300		5
1	66	136	75	243	75	75	75	1500	40	0	0	0	10	100		300		5
1	67	139	76	249	76	76	76	1536	40	0	0	0	10	100		300		5
1	68	142	77	255	77	77	77	1572	40	0	0	0	10	100		300		5
1	69	145	78	261	78	78	78	1608	40	0	0	0	10	100		300		5
1	70	148	79	267	79	79	79	1644	40	0	0	0	10	100		300		5
1	71	151	80	273	80	80	80	1680	40	0	0	0	10	100		300		5
1	72	155	81	278	81	81	81	1716	40	0	0	0	10	100		300		5
1	73	158	82	284	82	82	82	1752	40	0	0	0	10	100		300		5
1	74	161	83	290	83	83	83	1788	40	0	0	0	10	100		300		5
1	75	164	84	296	84	84	84	1824	40	0	0	0	10	100		300		5
1	76	167	85	302	85	85	85	1860	40	0	0	0	10	100		300		5
1	77	170	86	308	86	86	86	1896	40	0	0	0	10	100		300		5
1	78	173	87	314	87	87	87	1932	40	0	0	0	10	100		300		5
1	79	177	88	319	88	88	88	1968	40	0	0	0	10	100		300		5
1	80	180	89	325	89	89	89	2004	40	0	0	0	10	100		300		5
1	81	183	90	331	90	90	90	2040	40	0	0	0	10	100		300		5
1	82	186	91	337	91	91	91	2076	40	0	0	0	10	100		300		5
1	83	189	92	343	92	92	92	2112	40	0	0	0	10	100		300		5
1	84	192	93	349	93	93	93	2148	40	0	0	0	10	100		300		5
1	85	196	94	355	94	94	94	2184	40	0	0	0	10	100		300		5
1	86	199	95	360	95	95	95	2220	40	0	0	0	10	100		300		5
1	87	202	96	366	96	96	96	2256	40	0	0	0	10	100		300		5
1	88	205	97	372	97	97	97	2292	40	0	0	0	10	100		300		5
1	89	208	98	378	98	98	98	2328	40	0	0	0	10	100		300		5
1	90	211	99	384	99	99	99	2364	40	0	0	0	10	100		300		5
1	91	214	100	390	100	100	100	2400	40	0	0	0	10	100		300		5
1	92	218	101	395	101	101	101	2436	40	0	0	0	10	100		300		5
1	93	221	102	401	102	102	102	2472	40	0	0	0	10	100		300		5
1	94	224	103	407	103	103	103	2508	40	0	0	0	10	100		300		5
1	95	227	104	413	104	104	104	2544	40	0	0	0	10	100		300		5
1	96	230	105	419	105	105	105	2580	40	0	0	0	10	100		300		5
1	97	233	106	425	106	106	106	2616	40	0	0	0	10	100		300		5
1	98	236	107	431	107	107	107	2652	40	0	0	0	10	100		300		5
1	99	240	108	436	108	108	108	2688	40	0	0	0	10	100		300		5
1	100	243	109	442	109	109	109	2724	40	0	0	0	10	100		300		5
1	101	247	110	450	110	110	110	2772	40	0	0	0	10	100		300		5
1	102	251	111	458	111	111	111	2820	40	0	0	0	10	100		300		5
1	103	255	112	466	112	112	112	2868	40	0	0	0	10	100		300		5
1	104	260	113	473	113	113	113	2916	40	0	0	0	10	100		300		5
1	105	264	114	481	114	114	114	2964	40	0	0	0	10	100		300		5
1	106	268	115	489	115	115	115	3012	40	0	0	0	10	100		300		5
1	107	272	116	497	116	116	116	3060	40	0	0	0	10	100		300		5
1	108	276	117	505	117	117	117	3108	40	0	0	0	10	100		300		5
1	109	281	118	512	118	118	118	3156	40	0	0	0	10	100		300		5
1	110	285	119	520	119	119	119	3204	40	0	0	0	10	100		300		5
1	111	289	120	528	120	120	120	3252	40	0	0	0	10	100		300		5
1	112	293	121	536	121	121	121	3300	40	0	0	0	10	100		300		5
1	113	297	122	544	122	122	122	3348	40	0	0	0	10	100		300		5
1	114	302	123	551	123	123	123	3396	40	0	0	0	10	100		300		5
1	115	306	124	559	124	124	124	3444	40	0	0	0	10	100		300		5
1	116	310	125	567	125	125	125	3492	40	0	0	0	10	100		300		5
1	117	314	126	575	126	126	126	3540	40	0	0	0	10	100		300		5
1	118	318	127	583	127	127	127	3588	40	0	0	0	10	100		300		5
1	119	323	128	590	128	128	128	3636	40	0	0	0	10	100		300		5
1	120	327	129	598	129	129	129	3684	40	0	0	0	10	100		300		5
1	121	331	130	606	130	130	130	3732	40	0	0	0	10	100		300		5
1	122	335	131	614	131	131	131	3780	40	0	0	0	10	100		300		5
1	123	339	132	622	132	132	132	3828	40	0	0	0	10	100		300		5
1	124	344	133	629	133	133	133	3876	40	0	0	0	10	100		300		5
1	125	348	134	637	134	134	134	3924	40	0	0	0	10	100		300		5
1	126	352	135	645	135	135	135	3972	40	0	0	0	10	100		300		5
1	127	356	136	653	136	136	136	4020	40	0	0	0	10	100		300		5
1	128	360	137	661	137	137	137	4068	40	0	0	0	10	100		300		5
1	129	365	138	668	138	138	138	4116	40	0	0	0	10	100		300		5
1	130	369	139	676	139	139	139	4164	40	0	0	0	10	100		300		5
1	131	373	140	684	140	140	140	4212	40	0	0	0	10	100		300		5
1	132	377	141	692	141	141	141	4260	40	0	0	0	10	100		300		5
1	133	381	142	700	142	142	142	4308	40	0	0	0	10	100		300		5
1	134	386	143	707	143	143	143	4356	40	0	0	0	10	100		300		5
1	135	390	144	715	144	144	144	4404	40	0	0	0	10	100		300		5
1	136	394	145	723	145	145	145	4452	40	0	0	0	10	100		300		5
1	137	398	146	731	146	146	146	4500	40	0	0	0	10	100		300		5
1	138	402	147	739	147	147	147	4548	40	0	0	0	10	100		300		5
1	139	407	148	746	148	148	148	4596	40	0	0	0	10	100		300		5
1	140	411	149	754	149	149	149	4644	40	0	0	0	10	100		300		5
1	141	416	150	764	150	150	150	4704	40	0	0	0	10	100		300		5
1	142	421	151	774	151	151	151	4764	40	0	0	0	10	100		300		5
1	143	427	152	784	152	152	152	4824	40	0	0	0	10	100		300		5
1	144	432	153	793	153	153	153	4884	40	0	0	0	10	100		300		5
1	145	437	154	803	154	154	154	4944	40	0	0	0	10	100		300		5
1	146	442	155	813	155	155	155	5004	40	0	0	0	10	100		300		5
1	147	448	156	823	156	156	156	5064	40	0	0	0	10	100		300		5
1	148	453	157	832	157	157	157	5124	40	0	0	0	10	100		300		5
1	149	458	158	842	158	158	158	5184	40	0	0	0	10	100		300		5
1	150	463	159	852	159	159	159	5244	40	0	0	0	10	100		300		5
2	1	14	10	10	10	14	10	67	60	0	0	0	10	100		300		5
2	2	15	11	11	11	16	11	76	60	0	0	0	10	100		300		5
2	3	16	12	12	12	18	12	84	60	0	0	0	10	100		300		5
2	4	18	13	13	13	19	13	92	60	0	0	0	10	100		300		5
2	5	19	14	14	14	21	14	101	60	0	0	0	10	100		300		5
2	6	20	15	15	15	23	15	109	60	0	0	0	10	100		300		5
2	7	22	16	16	16	24	16	118	60	0	0	0	10	100		300		5
2	8	23	17	17	17	26	17	126	60	0	0	0	10	100		300		5
2	9	24	18	18	18	28	18	134	60	0	0	0	10	100		300		5
2	10	26	19	19	19	29	19	143	60	0	0	0	10	100		300		5
2	11	27	20	20	20	31	20	151	60	0	0	0	10	100		300		5
2	12	28	21	21	21	33	21	160	60	0	0	0	10	100		300		5
2	13	30	22	22	22	34	22	168	60	0	0	0	10	100		300		5
2	14	31	23	23	23	36	23	176	60	0	0	0	10	100		300		5
2	15	33	24	24	24	38	24	185	60	0	0	0	10	100		300		5
2	16	34	25	25	25	39	25	193	60	0	0	0	10	100		300		5
2	17	35	26	26	26	41	26	202	60	0	0	0	10	100		300		5
2	18	37	27	27	27	42	27	210	60	0	0	0	10	100		300		5
2	19	38	28	28	28	44	28	218	60	0	0	0	10	100		300		5
2	20	39	29	29	29	46	29	227	60	0	0	0	10	100		300		5
2	21	42	30	30	30	49	30	244	60	0	0	0	10	100		300		5
2	22	45	31	31	31	52	31	260	60	0	0	0	10	100		300		5
2	23	47	32	32	32	56	32	277	60	0	0	0	10	100		300		5
2	24	50	33	33	33	59	33	294	60	0	0	0	10	100		300		5
2	25	53	34	34	34	62	34	311	60	0	0	0	10	100		300		5
2	26	55	35	35	35	66	35	328	60	0	0	0	10	100		300		5
2	27	58	36	36	36	69	36	344	60	0	0	0	10	100		300		5
2	28	61	37	37	37	72	37	361	60	0	0	0	10	100		300		5
2	29	64	38	38	38	75	38	378	60	0	0	0	10	100		300		5
2	30	66	39	39	39	79	39	395	60	0	0	0	10	100		300		5
2	31	69	40	40	40	82	40	412	60	0	0	0	10	100		300		5
2	32	72	41	41	41	85	41	428	60	0	0	0	10	100		300		5
2	33	74	42	42	42	89	42	445	60	0	0	0	10	100		300		5
2	34	77	43	43	43	92	43	462	60	0	0	0	10	100		300		5
2	35	80	44	44	44	95	44	479	60	0	0	0	10	100		300		5
2	36	82	45	45	45	99	45	496	60	0	0	0	10	100		300		5
2	37	85	46	46	46	102	46	512	60	0	0	0	10	100		300		5
2	38	88	47	47	47	105	47	529	60	0	0	0	10	100		300		5
2	39	91	48	48	48	108	48	546	60	0	0	0	10	100		300		5
2	40	93	49	49	49	112	49	563	60	0	0	0	10	100		300		5
2	41	96	50	50	50	115	50	580	60	0	0	0	10	100		300		5
2	42	99	51	51	51	118	51	596	60	0	0	0	10	100		300		5
2	43	101	52	52	52	122	52	613	60	0	0	0	10	100		300		5
2	44	104	53	53	53	125	53	630	60	0	0	0	10	100		300		5
2	45	107	54	54	54	128	54	647	60	0	0	0	10	100		300		5
2	46	109	55	55	55	132	55	664	60	0	0	0	10	100		300		5
2	47	112	56	56	56	135	56	680	60	0	0	0	10	100		300		5
2	48	115	57	57	57	138	57	697	60	0	0	0	10	100		300		5
2	49	118	58	58	58	141	58	714	60	0	0	0	10	100		300		5
2	50	120	59	59	59	145	59	731	60	0	0	0	10	100		300		5
2	51	123	60	60	60	148	60	748	60	0	0	0	10	100		300		5
2	52	126	61	61	61	151	61	764	60	0	0	0	10	100		300		5
2	53	128	62	62	62	155	62	781	60	0	0	0	10	100		300		5
2	54	131	63	63	63	158	63	798	60	0	0	0	10	100		300		5
2	55	134	64	64	64	161	64	815	60	0	0	0	10	100		300		5
2	56	136	65	65	65	165	65	832	60	0	0	0	10	100		300		5
2	57	139	66	66	66	168	66	848	60	0	0	0	10	100		300		5
2	58	142	67	67	67	171	67	865	60	0	0	0	10	100		300		5
2	59	145	68	68	68	174	68	882	60	0	0	0	10	100		300		5
2	60	147	69	69	69	178	69	899	60	0	0	0	10	100		300		5
2	61	151	70	70	70	183	70	924	60	0	0	0	10	100		300		5
2	62	155	71	71	71	188	71	949	60	0	0	0	10	100		300		5
2	63	159	72	72	72	193	72	974	60	0	0	0	10	100		300		5
2	64	163	73	73	73	198	73	1000	60	0	0	0	10	100		300		5
2	65	168	74	74	74	203	74	1025	60	0	0	0	10	100		300		5
2	66	172	75	75	75	207	75	1050	60	0	0	0	10	100		300		5
2	67	176	76	76	76	212	76	1075	60	0	0	0	10	100		300		5
2	68	180	77	77	77	217	77	1100	60	0	0	0	10	100		300		5
2	69	184	78	78	78	222	78	1126	60	0	0	0	10	100		300		5
2	70	188	79	79	79	227	79	1151	60	0	0	0	10	100		300		5
2	71	192	80	80	80	232	80	1176	60	0	0	0	10	100		300		5
2	72	196	81	81	81	237	81	1201	60	0	0	0	10	100		300		5
2	73	200	82	82	82	242	82	1226	60	0	0	0	10	100		300		5
2	74	204	83	83	83	247	83	1252	60	0	0	0	10	100		300		5
2	75	208	84	84	84	252	84	1277	60	0	0	0	10	100		300		5
2	76	212	85	85	85	257	85	1302	60	0	0	0	10	100		300		5
2	77	216	86	86	86	262	86	1327	60	0	0	0	10	100		300		5
2	78	220	87	87	87	267	87	1352	60	0	0	0	10	100		300		5
2	79	224	88	88	88	272	88	1378	60	0	0	0	10	100		300		5
2	80	228	89	89	89	277	89	1403	60	0	0	0	10	100		300		5
2	81	232	90	90	90	282	90	1428	60	0	0	0	10	100		300		5
2	82	236	91	91	91	287	91	1453	60	0	0	0	10	100		300		5
2	83	240	92	92	92	292	92	1478	60	0	0	0	10	100		300		5
2	84	244	93	93	93	297	93	1504	60	0	0	0	10	100		300		5
2	85	249	94	94	94	302	94	1529	60	0	0	0	10	100		300		5
2	86	253	95	95	95	306	95	1554	60	0	0	0	10	100		300		5
2	87	257	96	96	96	311	96	1579	60	0	0	0	10	100		300		5
2	88	261	97	97	97	316	97	1604	60	0	0	0	10	100		300		5
2	89	265	98	98	98	321	98	1630	60	0	0	0	10	100		300		5
2	90	269	99	99	99	326	99	1655	60	0	0	0	10	100		300		5
2	91	273	100	100	100	331	100	1680	60	0	0	0	10	100		300		5
2	92	277	101	101	101	336	101	1705	60	0	0	0	10	100		300		5
2	93	281	102	102	102	341	102	1730	60	0	0	0	10	100		300		5
2	94	285	103	103	103	346	103	1756	60	0	0	0	10	100		300		5
2	95	289	104	104	104	351	104	1781	60	0	0	0	10	100		300		5
2	96	293	105	105	105	356	105	1806	60	0	0	0	10	100		300		5
2	97	297	106	106	106	361	106	1831	60	0	0	0	10	100		300		5
2	98	301	107	107	107	366	107	1856	60	0	0	0	10	100		300		5
2	99	305	108	108	108	371	108	1882	60	0	0	0	10	100		300		5
2	100	309	109	109	109	376	109	1907	60	0	0	0	10	100		300		5
2	101	315	110	110	110	382	110	1940	60	0	0	0	10	100		300		5
2	102	320	111	111	111	389	111	1974	60	0	0	0	10	100		300		5
2	103	325	112	112	112	396	112	2008	60	0	0	0	10	100		300		5
2	104	331	113	113	113	402	113	2041	60	0	0	0	10	100		300		5
2	105	336	114	114	114	409	114	2075	60	0	0	0	10	100		300		5
2	106	342	115	115	115	415	115	2108	60	0	0	0	10	100		300		5
2	107	347	116	116	116	422	116	2142	60	0	0	0	10	100		300		5
2	108	352	117	117	117	429	117	2176	60	0	0	0	10	100		300		5
2	109	358	118	118	118	435	118	2209	60	0	0	0	10	100		300		5
2	110	363	119	119	119	442	119	2243	60	0	0	0	10	100		300		5
2	111	369	120	120	120	448	120	2276	60	0	0	0	10	100		300		5
2	112	374	121	121	121	455	121	2310	60	0	0	0	10	100		300		5
2	113	379	122	122	122	462	122	2344	60	0	0	0	10	100		300		5
2	114	385	123	123	123	468	123	2377	60	0	0	0	10	100		300		5
2	115	390	124	124	124	475	124	2411	60	0	0	0	10	100		300		5
2	116	396	125	125	125	481	125	2444	60	0	0	0	10	100		300		5
2	117	401	126	126	126	488	126	2478	60	0	0	0	10	100		300		5
2	118	406	127	127	127	495	127	2512	60	0	0	0	10	100		300		5
2	119	412	128	128	128	501	128	2545	60	0	0	0	10	100		300		5
2	120	417	129	129	129	508	129	2579	60	0	0	0	10	100		300		5
2	121	423	130	130	130	514	130	2612	60	0	0	0	10	100		300		5
2	122	428	131	131	131	521	131	2646	60	0	0	0	10	100		300		5
2	123	433	132	132	132	528	132	2680	60	0	0	0	10	100		300		5
2	124	439	133	133	133	534	133	2713	60	0	0	0	10	100		300		5
2	125	444	134	134	134	541	134	2747	60	0	0	0	10	100		300		5
2	126	450	135	135	135	547	135	2780	60	0	0	0	10	100		300		5
2	127	455	136	136	136	554	136	2814	60	0	0	0	10	100		300		5
2	128	460	137	137	137	561	137	2848	60	0	0	0	10	100		300		5
2	129	466	138	138	138	567	138	2881	60	0	0	0	10	100		300		5
2	130	471	139	139	139	574	139	2915	60	0	0	0	10	100		300		5
2	131	477	140	140	140	580	140	2948	60	0	0	0	10	100		300		5
2	132	482	141	141	141	587	141	2982	60	0	0	0	10	100		300		5
2	133	487	142	142	142	594	142	3016	60	0	0	0	10	100		300		5
2	134	493	143	143	143	600	143	3049	60	0	0	0	10	100		300		5
2	135	498	144	144	144	607	144	3083	60	0	0	0	10	100		300		5
2	136	504	145	145	145	613	145	3116	60	0	0	0	10	100		300		5
2	137	509	146	146	146	620	146	3150	60	0	0	0	10	100		300		5
2	138	514	147	147	147	627	147	3184	60	0	0	0	10	100		300		5
2	139	520	148	148	148	633	148	3217	60	0	0	0	10	100		300		5
2	140	525	149	149	149	640	149	3251	60	0	0	0	10	100		300		5
2	141	532	150	150	150	648	150	3293	60	0	0	0	10	100		300		5
2	142	539	151	151	151	656	151	3335	60	0	0	0	10	100		300		5
2	143	546	152	152	152	665	152	3377	60	0	0	0	10	100		300		5
2	144	552	153	153	153	673	153	3419	60	0	0	0	10	100		300		5
2	145	559	154	154	154	681	154	3461	60	0	0	0	10	100		300		5
2	146	566	155	155	155	689	155	3503	60	0	0	0	10	100		300		5
2	147	573	156	156	156	698	156	3545	60	0	0	0	10	100		300		5
2	148	579	157	157	157	706	157	3587	60	0	0	0	10	100		300		5
2	149	586	158	158	158	714	158	3629	60	0	0	0	10	100		300		5
2	150	593	159	159	159	722	159	3671	60	0	0	0	10	100		300		5
3	1	10	10	10	14	10	14	86	0	50	0	0	10	100		300		5
3	2	11	11	11	16	11	16	97	0	50	0	0	10	100		300		5
3	3	12	12	12	17	12	17	108	0	50	0	0	10	100		300		5
3	4	13	13	13	19	13	19	119	0	50	0	0	10	100		300		5
3	5	14	14	14	20	14	20	130	0	50	0	0	10	100		300		5
3	6	15	15	15	22	15	22	140	0	50	0	0	10	100		300		5
3	7	16	16	16	23	16	23	151	0	50	0	0	10	100		300		5
3	8	17	17	17	25	17	25	162	0	50	0	0	10	100		300		5
3	9	18	18	18	26	18	26	173	0	50	0	0	10	100		300		5
3	10	19	19	19	28	19	28	184	0	50	0	0	10	100		300		5
3	11	20	20	20	29	20	29	194	0	50	0	0	10	100		300		5
3	12	21	21	21	31	21	31	205	0	50	0	0	10	100		300		5
3	13	22	22	22	32	22	32	216	0	50	0	0	10	100		300		5
3	14	23	23	23	34	23	34	227	0	50	0	0	10	100		300		5
3	15	24	24	24	35	24	35	238	0	50	0	0	10	100		300		5
3	16	25	25	25	37	25	37	248	0	50	0	0	10	100		300		5
3	17	26	26	26	38	26	38	259	0	50	0	0	10	100		300		5
3	18	27	27	27	40	27	40	270	0	50	0	0	10	100		300		5
3	19	28	28	28	41	28	41	281	0	50	0	0	10	100		300		5
3	20	29	29	29	43	29	43	292	0	50	0	0	10	100		300		5
3	21	30	30	30	46	30	46	313	0	50	0	0	10	100		300		5
3	22	31	31	31	49	31	49	335	0	50	0	0	10	100		300		5
3	23	32	32	32	52	32	52	356	0	50	0	0	10	100		300		5
3	24	33	33	33	55	33	55	378	0	50	0	0	10	100		300		5
3	25	34	34	34	58	34	58	400	0	50	0	0	10	100		300		5
3	26	35	35	35	61	35	61	421	0	50	0	0	10	100		300		5
3	27	36	36	36	64	36	64	443	0	50	0	0	10	100		300		5
3	28	37	37	37	67	37	67	464	0	50	0	0	10	100		300		5
3	29	38	38	38	70	38	70	486	0	50	0	0	10	100		300		5
3	30	39	39	39	73	39	73	508	0	50	0	0	10	100		300		5
3	31	40	40	40	76	40	76	529	0	50	0	0	10	100		300		5
3	32	41	41	41	79	41	79	551	0	50	0	0	10	100		300		5
3	33	42	42	42	82	42	82	572	0	50	0	0	10	100		300		5
3	34	43	43	43	85	43	85	594	0	50	0	0	10	100		300		5
3	35	44	44	44	88	44	88	616	0	50	0	0	10	100		300		5
3	36	45	45	45	91	45	91	637	0	50	0	0	10	100		300		5
3	37	46	46	46	94	46	94	659	0	50	0	0	10	100		300		5
3	38	47	47	47	97	47	97	680	0	50	0	0	10	100		300		5
3	39	48	48	48	100	48	100	702	0	50	0	0	10	100		300		5
3	40	49	49	49	103	49	103	724	0	50	0	0	10	100		300		5
3	41	50	50	50	106	50	106	745	0	50	0	0	10	100		300		5
3	42	51	51	51	109	51	109	767	0	50	0	0	10	100		300		5
3	43	52	52	52	112	52	112	788	0	50	0	0	10	100		300		5
3	44	53	53	53	115	53	115	810	0	50	0	0	10	100		300		5
3	45	54	54	54	118	54	118	832	0	50	0	0	10	100		300		5
3	46	55	55	55	121	55	121	853	0	50	0	0	10	100		300		5
3	47	56	56	56	124	56	124	875	0	50	0	0	10	100		300		5
3	48	57	57	57	127	57	127	896	0	50	0	0	10	100		300		5
3	49	58	58	58	130	58	130	918	0	50	0	0	10	100		300		5
3	50	59	59	59	133	59	133	940	0	50	0	0	10	100		300		5
3	51	60	60	60	136	60	136	961	0	50	0	0	10	100		300		5
3	52	61	61	61	139	61	139	983	0	50	0	0	10	100		300		5
3	53	62	62	62	142	62	142	1004	0	50	0	0	10	100		300		5
3	54	63	63	63	145	63	145	1026	0	50	0	0	10	100		300		5
3	55	64	64	64	148	64	148	1048	0	50	0	0	10	100		300		5
3	56	65	65	65	151	65	151	1069	0	50	0	0	10	100		300		5
3	57	66	66	66	154	66	154	1091	0	50	0	0	10	100		300		5
3	58	67	67	67	157	67	157	1112	0	50	0	0	10	100		300		5
3	59	68	68	68	160	68	160	1134	0	50	0	0	10	100		300		5
3	60	69	69	69	163	69	163	1156	0	50	0	0	10	100		300		5
3	61	70	70	70	167	70	167	1188	0	50	0	0	10	100		300		5
3	62	71	71	71	172	71	172	1220	0	50	0	0	10	100		300		5
3	63	72	72	72	176	72	176	1253	0	50	0	0	10	100		300		5
3	64	73	73	73	181	73	181	1285	0	50	0	0	10	100		300		5
3	65	74	74	74	185	74	185	1318	0	50	0	0	10	100		300		5
3	66	75	75	75	190	75	190	1350	0	50	0	0	10	100		300		5
3	67	76	76	76	194	76	194	1382	0	50	0	0	10	100		300		5
3	68	77	77	77	199	77	199	1415	0	50	0	0	10	100		300		5
3	69	78	78	78	203	78	203	1447	0	50	0	0	10	100		300		5
3	70	79	79	79	208	79	208	1480	0	50	0	0	10	100		300		5
3	71	80	80	80	212	80	212	1512	0	50	0	0	10	100		300		5
3	72	81	81	81	217	81	217	1544	0	50	0	0	10	100		300		5
3	73	82	82	82	221	82	221	1577	0	50	0	0	10	100		300		5
3	74	83	83	83	226	83	226	1609	0	50	0	0	10	100		300		5
3	75	84	84	84	230	84	230	1642	0	50	0	0	10	100		300		5
3	76	85	85	85	235	85	235	1674	0	50	0	0	10	100		300		5
3	77	86	86	86	239	86	239	1706	0	50	0	0	10	100		300		5
3	78	87	87	87	244	87	244	1739	0	50	0	0	10	100		300		5
3	79	88	88	88	248	88	248	1771	0	50	0	0	10	100		300		5
3	80	89	89	89	253	89	253	1804	0	50	0	0	10	100		300		5
3	81	90	90	90	257	90	257	1836	0	50	0	0	10	100		300		5
3	82	91	91	91	262	91	262	1868	0	50	0	0	10	100		300		5
3	83	92	92	92	266	92	266	1901	0	50	0	0	10	100		300		5
3	84	93	93	93	271	93	271	1933	0	50	0	0	10	100		300		5
3	85	94	94	94	275	94	275	1966	0	50	0	0	10	100		300		5
3	86	95	95	95	280	95	280	1998	0	50	0	0	10	100		300		5
3	87	96	96	96	284	96	284	2030	0	50	0	0	10	100		300		5
3	88	97	97	97	289	97	289	2063	0	50	0	0	10	100		300		5
3	89	98	98	98	293	98	293	2095	0	50	0	0	10	100		300		5
3	90	99	99	99	298	99	298	2128	0	50	0	0	10	100		300		5
3	91	100	100	100	302	100	302	2160	0	50	0	0	10	100		300		5
3	92	101	101	101	307	101	307	2192	0	50	0	0	10	100		300		5
3	93	102	102	102	311	102	311	2225	0	50	0	0	10	100		300		5
3	94	103	103	103	316	103	316	2257	0	50	0	0	10	100		300		5
3	95	104	104	104	320	104	320	2290	0	50	0	0	10	100		300		5
3	96	105	105	105	325	105	325	2322	0	50	0	0	10	100		300		5
3	97	106	106	106	329	106	329	2354	0	50	0	0	10	100		300		5
3	98	107	107	107	334	107	334	2387	0	50	0	0	10	100		300		5
3	99	108	108	108	338	108	338	2419	0	50	0	0	10	100		300		5
3	100	109	109	109	343	109	343	2452	0	50	0	0	10	100		300		5
3	101	110	110	110	349	110	349	2495	0	50	0	0	10	100		300		5
3	102	111	111	111	355	111	355	2538	0	50	0	0	10	100		300		5
3	103	112	112	112	361	112	361	2581	0	50	0	0	10	100		300		5
3	104	113	113	113	367	113	367	2624	0	50	0	0	10	100		300		5
3	105	114	114	114	373	114	373	2668	0	50	0	0	10	100		300		5
3	106	115	115	115	379	115	379	2711	0	50	0	0	10	100		300		5
3	107	116	116	116	385	116	385	2754	0	50	0	0	10	100		300		5
3	108	117	117	117	391	117	391	2797	0	50	0	0	10	100		300		5
3	109	118	118	118	397	118	397	2840	0	50	0	0	10	100		300		5
3	110	119	119	119	403	119	403	2884	0	50	0	0	10	100		300		5
3	111	120	120	120	409	120	409	2927	0	50	0	0	10	100		300		5
3	112	121	121	121	415	121	415	2970	0	50	0	0	10	100		300		5
3	113	122	122	122	421	122	421	3013	0	50	0	0	10	100		300		5
3	114	123	123	123	427	123	427	3056	0	50	0	0	10	100		300		5
3	115	124	124	124	433	124	433	3100	0	50	0	0	10	100		300		5
3	116	125	125	125	439	125	439	3143	0	50	0	0	10	100		300		5
3	117	126	126	126	445	126	445	3186	0	50	0	0	10	100		300		5
3	118	127	127	127	451	127	451	3229	0	50	0	0	10	100		300		5
3	119	128	128	128	457	128	457	3272	0	50	0	0	10	100		300		5
3	120	129	129	129	463	129	463	3316	0	50	0	0	10	100		300		5
3	121	130	130	130	469	130	469	3359	0	50	0	0	10	100		300		5
3	122	131	131	131	475	131	475	3402	0	50	0	0	10	100		300		5
3	123	132	132	132	481	132	481	3445	0	50	0	0	10	100		300		5
3	124	133	133	133	487	133	487	3488	0	50	0	0	10	100		300		5
3	125	134	134	134	493	134	493	3532	0	50	0	0	10	100		300		5
3	126	135	135	135	499	135	499	3575	0	50	0	0	10	100		300		5
3	127	136	136	136	505	136	505	3618	0	50	0	0	10	100		300		5
3	128	137	137	137	511	137	511	3661	0	50	0	0	10	100		300		5
3	129	138	138	138	517	138	517	3704	0	50	0	0	10	100		300		5
3	130	139	139	139	523	139	523	3748	0	50	0	0	10	100		300		5
3	131	140	140	140	529	140	529	3791	0	50	0	0	10	100		300		5
3	132	141	141	141	535	141	535	3834	0	50	0	0	10	100		300		5
3	133	142	142	142	541	142	541	3877	0	50	0	0	10	100		300		5
3	134	143	143	143	547	143	547	3920	0	50	0	0	10	100		300		5
3	135	144	144	144	553	144	553	3964	0	50	0	0	10	100		300		5
3	136	145	145	145	559	145	559	4007	0	50	0	0	10	100		300		5
3	137	146	146	146	565	146	565	4050	0	50	0	0	10	100		300		5
3	138	147	147	147	571	147	571	4093	0	50	0	0	10	100		300		5
3	139	148	148	148	577	148	577	4136	0	50	0	0	10	100		300		5
3	140	149	149	149	583	149	583	4180	0	50	0	0	10	100		300		5
3	141	150	150	150	590	150	590	4234	0	50	0	0	10	100		300		5
3	142	151	151	151	598	151	598	4288	0	50	0	0	10	100		300		5
3	143	152	152	152	605	152	605	4342	0	50	0	0	10	100		300		5
3	144	153	153	153	613	153	613	4396	0	50	0	0	10	100		300		5
3	145	154	154	154	620	154	620	4450	0	50	0	0	10	100		300		5
3	146	155	155	155	628	155	628	4504	0	50	0	0	10	100		300		5
3	147	156	156	156	635	156	635	4558	0	50	0	0	10	100		300		5
3	148	157	157	157	643	157	643	4612	0	50	0	0	10	100		300		5
3	149	158	158	158	650	158	650	4666	0	50	0	0	10	100		300		5
3	150	159	159	159	658	159	658	4720	0	50	0	0	10	100		300		5
4	1	10	16	10	10	12	10	67	0	65	0	0	10	100		300		5
4	2	11	18	11	11	13	11	76	0	65	0	0	10	100		300		5
4	3	12	20	12	12	14	12	84	0	65	0	0	10	100		300		5
4	4	13	22	13	13	15	13	92	0	65	0	0	10	100		300		5
4	5	14	24	14	14	16	14	101	0	65	0	0	10	100		300		5
4	6	15	26	15	15	17	15	109	0	65	0	0	10	100		300		5
4	7	16	28	16	16	18	16	118	0	65	0	0	10	100		300		5
4	8	17	30	17	17	19	17	126	0	65	0	0	10	100		300		5
4	9	18	32	18	18	20	18	134	0	65	0	0	10	100		300		5
4	10	19	35	19	19	21	19	143	0	65	0	0	10	100		300		5
4	11	20	37	20	20	21	20	151	0	65	0	0	10	100		300		5
4	12	21	39	21	21	22	21	160	0	65	0	0	10	100		300		5
4	13	22	41	22	22	23	22	168	0	65	0	0	10	100		300		5
4	14	23	43	23	23	24	23	176	0	65	0	0	10	100		300		5
4	15	24	45	24	24	25	24	185	0	65	0	0	10	100		300		5
4	16	25	47	25	25	26	25	193	0	65	0	0	10	100		300		5
4	17	26	49	26	26	27	26	202	0	65	0	0	10	100		300		5
4	18	27	51	27	27	28	27	210	0	65	0	0	10	100		300		5
4	19	28	53	28	28	29	28	218	0	65	0	0	10	100		300		5
4	20	29	56	29	29	30	29	227	0	65	0	0	10	100		300		5
4	21	30	60	30	30	31	30	244	0	65	0	0	10	100		300		5
4	22	31	64	31	31	33	31	260	0	65	0	0	10	100		300		5
4	23	32	68	32	32	35	32	277	0	65	0	0	10	100		300		5
4	24	33	72	33	33	37	33	294	0	65	0	0	10	100		300		5
4	25	34	77	34	34	39	34	311	0	65	0	0	10	100		300		5
4	26	35	81	35	35	40	35	328	0	65	0	0	10	100		300		5
4	27	36	85	36	36	42	36	344	0	65	0	0	10	100		300		5
4	28	37	89	37	37	44	37	361	0	65	0	0	10	100		300		5
4	29	38	93	38	38	46	38	378	0	65	0	0	10	100		300		5
4	30	39	98	39	39	48	39	395	0	65	0	0	10	100		300		5
4	31	40	102	40	40	49	40	412	0	65	0	0	10	100		300		5
4	32	41	106	41	41	51	41	428	0	65	0	0	10	100		300		5
4	33	42	110	42	42	53	42	445	0	65	0	0	10	100		300		5
4	34	43	114	43	43	55	43	462	0	65	0	0	10	100		300		5
4	35	44	119	44	44	57	44	479	0	65	0	0	10	100		300		5
4	36	45	123	45	45	58	45	496	0	65	0	0	10	100		300		5
4	37	46	127	46	46	60	46	512	0	65	0	0	10	100		300		5
4	38	47	131	47	47	62	47	529	0	65	0	0	10	100		300		5
4	39	48	135	48	48	64	48	546	0	65	0	0	10	100		300		5
4	40	49	140	49	49	66	49	563	0	65	0	0	10	100		300		5
4	41	50	144	50	50	67	50	580	0	65	0	0	10	100		300		5
4	42	51	148	51	51	69	51	596	0	65	0	0	10	100		300		5
4	43	52	152	52	52	71	52	613	0	65	0	0	10	100		300		5
4	44	53	156	53	53	73	53	630	0	65	0	0	10	100		300		5
4	45	54	161	54	54	75	54	647	0	65	0	0	10	100		300		5
4	46	55	165	55	55	76	55	664	0	65	0	0	10	100		300		5
4	47	56	169	56	56	78	56	680	0	65	0	0	10	100		300		5
4	48	57	173	57	57	80	57	697	0	65	0	0	10	100		300		5
4	49	58	177	58	58	82	58	714	0	65	0	0	10	100		300		5
4	50	59	182	59	59	84	59	731	0	65	0	0	10	100		300		5
4	51	60	186	60	60	85	60	748	0	65	0	0	10	100		300		5
4	52	61	190	61	61	87	61	764	0	65	0	0	10	100		300		5
4	53	62	194	62	62	89	62	781	0	65	0	0	10	100		300		5
4	54	63	198	63	63	91	63	798	0	65	0	0	10	100		300		5
4	55	64	203	64	64	93	64	815	0	65	0	0	10	100		300		5
4	56	65	207	65	65	94	65	832	0	65	0	0	10	100		300		5
4	57	66	211	66	66	96	66	848	0	65	0	0	10	100		300		5
4	58	67	215	67	67	98	67	865	0	65	0	0	10	100		300		5
4	59	68	219	68	68	100	68	882	0	65	0	0	10	100		300		5
4	60	69	224	69	69	102	69	899	0	65	0	0	10	100		300		5
4	61	70	230	70	70	104	70	924	0	65	0	0	10	100		300		5
4	62	71	236	71	71	107	71	949	0	65	0	0	10	100		300		5
4	63	72	242	72	72	110	72	974	0	65	0	0	10	100		300		5
4	64	73	249	73	73	112	73	1000	0	65	0	0	10	100		300		5
4	65	74	255	74	74	115	74	1025	0	65	0	0	10	100		300		5
4	66	75	261	75	75	118	75	1050	0	65	0	0	10	100		300		5
4	67	76	268	76	76	120	76	1075	0	65	0	0	10	100		300		5
4	68	77	274	77	77	123	77	1100	0	65	0	0	10	100		300		5
4	69	78	280	78	78	126	78	1126	0	65	0	0	10	100		300		5
4	70	79	287	79	79	129	79	1151	0	65	0	0	10	100		300		5
4	71	80	293	80	80	131	80	1176	0	65	0	0	10	100		300		5
4	72	81	299	81	81	134	81	1201	0	65	0	0	10	100		300		5
4	73	82	305	82	82	137	82	1226	0	65	0	0	10	100		300		5
4	74	83	312	83	83	139	83	1252	0	65	0	0	10	100		300		5
4	75	84	318	84	84	142	84	1277	0	65	0	0	10	100		300		5
4	76	85	324	85	85	145	85	1302	0	65	0	0	10	100		300		5
4	77	86	331	86	86	147	86	1327	0	65	0	0	10	100		300		5
4	78	87	337	87	87	150	87	1352	0	65	0	0	10	100		300		5
4	79	88	343	88	88	153	88	1378	0	65	0	0	10	100		300		5
4	80	89	350	89	89	156	89	1403	0	65	0	0	10	100		300		5
4	81	90	356	90	90	158	90	1428	0	65	0	0	10	100		300		5
4	82	91	362	91	91	161	91	1453	0	65	0	0	10	100		300		5
4	83	92	368	92	92	164	92	1478	0	65	0	0	10	100		300		5
4	84	93	375	93	93	166	93	1504	0	65	0	0	10	100		300		5
4	85	94	381	94	94	169	94	1529	0	65	0	0	10	100		300		5
4	86	95	387	95	95	172	95	1554	0	65	0	0	10	100		300		5
4	87	96	394	96	96	174	96	1579	0	65	0	0	10	100		300		5
4	88	97	400	97	97	177	97	1604	0	65	0	0	10	100		300		5
4	89	98	406	98	98	180	98	1630	0	65	0	0	10	100		300		5
4	90	99	413	99	99	183	99	1655	0	65	0	0	10	100		300		5
4	91	100	419	100	100	185	100	1680	0	65	0	0	10	100		300		5
4	92	101	425	101	101	188	101	1705	0	65	0	0	10	100		300		5
4	93	102	431	102	102	191	102	1730	0	65	0	0	10	100		300		5
4	94	103	438	103	103	193	103	1756	0	65	0	0	10	100		300		5
4	95	104	444	104	104	196	104	1781	0	65	0	0	10	100		300		5
4	96	105	450	105	105	199	105	1806	0	65	0	0	10	100		300		5
4	97	106	457	106	106	201	106	1831	0	65	0	0	10	100		300		5
4	98	107	463	107	107	204	107	1856	0	65	0	0	10	100		300		5
4	99	108	469	108	108	207	108	1882	0	65	0	0	10	100		300		5
4	100	109	476	109	109	210	109	1907	0	65	0	0	10	100		300		5
4	101	110	484	110	110	213	110	1940	0	65	0	0	10	100		300		5
4	102	111	492	111	111	217	111	1974	0	65	0	0	10	100		300		5
4	103	112	501	112	112	220	112	2008	0	65	0	0	10	100		300		5
4	104	113	509	113	113	224	113	2041	0	65	0	0	10	100		300		5
4	105	114	518	114	114	228	114	2075	0	65	0	0	10	100		300		5
4	106	115	526	115	115	231	115	2108	0	65	0	0	10	100		300		5
4	107	116	534	116	116	235	116	2142	0	65	0	0	10	100		300		5
4	108	117	543	117	117	238	117	2176	0	65	0	0	10	100		300		5
4	109	118	551	118	118	242	118	2209	0	65	0	0	10	100		300		5
4	110	119	560	119	119	246	119	2243	0	65	0	0	10	100		300		5
4	111	120	568	120	120	249	120	2276	0	65	0	0	10	100		300		5
4	112	121	576	121	121	253	121	2310	0	65	0	0	10	100		300		5
4	113	122	585	122	122	256	122	2344	0	65	0	0	10	100		300		5
4	114	123	593	123	123	260	123	2377	0	65	0	0	10	100		300		5
4	115	124	602	124	124	264	124	2411	0	65	0	0	10	100		300		5
4	116	125	610	125	125	267	125	2444	0	65	0	0	10	100		300		5
4	117	126	618	126	126	271	126	2478	0	65	0	0	10	100		300		5
4	118	127	627	127	127	274	127	2512	0	65	0	0	10	100		300		5
4	119	128	635	128	128	278	128	2545	0	65	0	0	10	100		300		5
4	120	129	644	129	129	282	129	2579	0	65	0	0	10	100		300		5
4	121	130	652	130	130	285	130	2612	0	65	0	0	10	100		300		5
4	122	131	660	131	131	289	131	2646	0	65	0	0	10	100		300		5
4	123	132	669	132	132	292	132	2680	0	65	0	0	10	100		300		5
4	124	133	677	133	133	296	133	2713	0	65	0	0	10	100		300		5
4	125	134	686	134	134	300	134	2747	0	65	0	0	10	100		300		5
4	126	135	694	135	135	303	135	2780	0	65	0	0	10	100		300		5
4	127	136	702	136	136	307	136	2814	0	65	0	0	10	100		300		5
4	128	137	711	137	137	310	137	2848	0	65	0	0	10	100		300		5
4	129	138	719	138	138	314	138	2881	0	65	0	0	10	100		300		5
4	130	139	728	139	139	318	139	2915	0	65	0	0	10	100		300		5
4	131	140	736	140	140	321	140	2948	0	65	0	0	10	100		300		5
4	132	141	744	141	141	325	141	2982	0	65	0	0	10	100		300		5
4	133	142	753	142	142	328	142	3016	0	65	0	0	10	100		300		5
4	134	143	761	143	143	332	143	3049	0	65	0	0	10	100		300		5
4	135	144	770	144	144	336	144	3083	0	65	0	0	10	100		300		5
4	136	145	778	145	145	339	145	3116	0	65	0	0	10	100		300		5
4	137	146	786	146	146	343	146	3150	0	65	0	0	10	100		300		5
4	138	147	795	147	147	346	147	3184	0	65	0	0	10	100		300		5
4	139	148	803	148	148	350	148	3217	0	65	0	0	10	100		300		5
4	140	149	812	149	149	354	149	3251	0	65	0	0	10	100		300		5
4	141	150	822	150	150	358	150	3293	0	65	0	0	10	100		300		5
4	142	151	833	151	151	363	151	3335	0	65	0	0	10	100		300		5
4	143	152	843	152	152	367	152	3377	0	65	0	0	10	100		300		5
4	144	153	854	153	153	372	153	3419	0	65	0	0	10	100		300		5
4	145	154	864	154	154	376	154	3461	0	65	0	0	10	100		300		5
4	146	155	875	155	155	381	155	3503	0	65	0	0	10	100		300		5
4	147	156	885	156	156	385	156	3545	0	65	0	0	10	100		300		5
4	148	157	896	157	157	390	157	3587	0	65	0	0	10	100		300		5
4	149	158	906	158	158	394	158	3629	0	65	0	0	10	100		300		5
4	150	159	917	159	159	399	159	3671	0	65	0	0	10	100		300		5
5	1	16	10	10	10	12	10	72	63	0	0	0	10	100		300		5
5	2	18	11	11	11	13	11	81	63	0	0	0	10	100		300		5
5	3	20	12	12	12	14	12	90	63	0	0	0	10	100		300		5
5	4	22	13	13	13	15	13	99	63	0	0	0	10	100		300		5
5	5	24	14	14	14	16	14	108	63	0	0	0	10	100		300		5
5	6	26	15	15	15	17	15	117	63	0	0	0	10	100		300		5
5	7	28	16	16	16	18	16	126	63	0	0	0	10	100		300		5
5	8	30	17	17	17	19	17	135	63	0	0	0	10	100		300		5
5	9	32	18	18	18	20	18	144	63	0	0	0	10	100		300		5
5	10	35	19	19	19	21	19	153	63	0	0	0	10	100		300		5
5	11	37	20	20	20	21	20	162	63	0	0	0	10	100		300		5
5	12	39	21	21	21	22	21	171	63	0	0	0	10	100		300		5
5	13	41	22	22	22	23	22	180	63	0	0	0	10	100		300		5
5	14	43	23	23	23	24	23	189	63	0	0	0	10	100		300		5
5	15	45	24	24	24	25	24	198	63	0	0	0	10	100		300		5
5	16	47	25	25	25	26	25	207	63	0	0	0	10	100		300		5
5	17	49	26	26	26	27	26	216	63	0	0	0	10	100		300		5
5	18	51	27	27	27	28	27	225	63	0	0	0	10	100		300		5
5	19	53	28	28	28	29	28	234	63	0	0	0	10	100		300		5
5	20	56	29	29	29	30	29	243	63	0	0	0	10	100		300		5
5	21	60	30	30	30	31	30	261	63	0	0	0	10	100		300		5
5	22	64	31	31	31	33	31	279	63	0	0	0	10	100		300		5
5	23	68	32	32	32	35	32	297	63	0	0	0	10	100		300		5
5	24	72	33	33	33	37	33	315	63	0	0	0	10	100		300		5
5	25	77	34	34	34	39	34	333	63	0	0	0	10	100		300		5
5	26	81	35	35	35	40	35	351	63	0	0	0	10	100		300		5
5	27	85	36	36	36	42	36	369	63	0	0	0	10	100		300		5
5	28	89	37	37	37	44	37	387	63	0	0	0	10	100		300		5
5	29	93	38	38	38	46	38	405	63	0	0	0	10	100		300		5
5	30	98	39	39	39	48	39	423	63	0	0	0	10	100		300		5
5	31	102	40	40	40	49	40	441	63	0	0	0	10	100		300		5
5	32	106	41	41	41	51	41	459	63	0	0	0	10	100		300		5
5	33	110	42	42	42	53	42	477	63	0	0	0	10	100		300		5
5	34	114	43	43	43	55	43	495	63	0	0	0	10	100		300		5
5	35	119	44	44	44	57	44	513	63	0	0	0	10	100		300		5
5	36	123	45	45	45	58	45	531	63	0	0	0	10	100		300		5
5	37	127	46	46	46	60	46	549	63	0	0	0	10	100		300		5
5	38	131	47	47	47	62	47	567	63	0	0	0	10	100		300		5
5	39	135	48	48	48	64	48	585	63	0	0	0	10	100		300		5
5	40	140	49	49	49	66	49	603	63	0	0	0	10	100		300		5
5	41	144	50	50	50	67	50	621	63	0	0	0	10	100		300		5
5	42	148	51	51	51	69	51	639	63	0	0	0	10	100		300		5
5	43	152	52	52	52	71	52	657	63	0	0	0	10	100		300		5
5	44	156	53	53	53	73	53	675	63	0	0	0	10	100		300		5
5	45	161	54	54	54	75	54	693	63	0	0	0	10	100		300		5
5	46	165	55	55	55	76	55	711	63	0	0	0	10	100		300		5
5	47	169	56	56	56	78	56	729	63	0	0	0	10	100		300		5
5	48	173	57	57	57	80	57	747	63	0	0	0	10	100		300		5
5	49	177	58	58	58	82	58	765	63	0	0	0	10	100		300		5
5	50	182	59	59	59	84	59	783	63	0	0	0	10	100		300		5
5	51	186	60	60	60	85	60	801	63	0	0	0	10	100		300		5
5	52	190	61	61	61	87	61	819	63	0	0	0	10	100		300		5
5	53	194	62	62	62	89	62	837	63	0	0	0	10	100		300		5
5	54	198	63	63	63	91	63	855	63	0	0	0	10	100		300		5
5	55	203	64	64	64	93	64	873	63	0	0	0	10	100		300		5
5	56	207	65	65	65	94	65	891	63	0	0	0	10	100		300		5
5	57	211	66	66	66	96	66	909	63	0	0	0	10	100		300		5
5	58	215	67	67	67	98	67	927	63	0	0	0	10	100		300		5
5	59	219	68	68	68	100	68	945	63	0	0	0	10	100		300		5
5	60	224	69	69	69	102	69	963	63	0	0	0	10	100		300		5
5	61	230	70	70	70	104	70	990	63	0	0	0	10	100		300		5
5	62	236	71	71	71	107	71	1017	63	0	0	0	10	100		300		5
5	63	242	72	72	72	110	72	1044	63	0	0	0	10	100		300		5
5	64	249	73	73	73	112	73	1071	63	0	0	0	10	100		300		5
5	65	255	74	74	74	115	74	1098	63	0	0	0	10	100		300		5
5	66	261	75	75	75	118	75	1125	63	0	0	0	10	100		300		5
5	67	268	76	76	76	120	76	1152	63	0	0	0	10	100		300		5
5	68	274	77	77	77	123	77	1179	63	0	0	0	10	100		300		5
5	69	280	78	78	78	126	78	1206	63	0	0	0	10	100		300		5
5	70	287	79	79	79	129	79	1233	63	0	0	0	10	100		300		5
5	71	293	80	80	80	131	80	1260	63	0	0	0	10	100		300		5
5	72	299	81	81	81	134	81	1287	63	0	0	0	10	100		300		5
5	73	305	82	82	82	137	82	1314	63	0	0	0	10	100		300		5
5	74	312	83	83	83	139	83	1341	63	0	0	0	10	100		300		5
5	75	318	84	84	84	142	84	1368	63	0	0	0	10	100		300		5
5	76	324	85	85	85	145	85	1395	63	0	0	0	10	100		300		5
5	77	331	86	86	86	147	86	1422	63	0	0	0	10	100		300		5
5	78	337	87	87	87	150	87	1449	63	0	0	0	10	100		300		5
5	79	343	88	88	88	153	88	1476	63	0	0	0	10	100		300		5
5	80	350	89	89	89	156	89	1503	63	0	0	0	10	100		300		5
5	81	356	90	90	90	158	90	1530	63	0	0	0	10	100		300		5
5	82	362	91	91	91	161	91	1557	63	0	0	0	10	100		300		5
5	83	368	92	92	92	164	92	1584	63	0	0	0	10	100		300		5
5	84	375	93	93	93	166	93	1611	63	0	0	0	10	100		300		5
5	85	381	94	94	94	169	94	1638	63	0	0	0	10	100		300		5
5	86	387	95	95	95	172	95	1665	63	0	0	0	10	100		300		5
5	87	394	96	96	96	174	96	1692	63	0	0	0	10	100		300		5
5	88	400	97	97	97	177	97	1719	63	0	0	0	10	100		300		5
5	89	406	98	98	98	180	98	1746	63	0	0	0	10	100		300		5
5	90	413	99	99	99	183	99	1773	63	0	0	0	10	100		300		5
5	91	419	100	100	100	185	100	1800	63	0	0	0	10	100		300		5
5	92	425	101	101	101	188	101	1827	63	0	0	0	10	100		300		5
5	93	431	102	102	102	191	102	1854	63	0	0	0	10	100		300		5
5	94	438	103	103	103	193	103	1881	63	0	0	0	10	100		300		5
5	95	444	104	104	104	196	104	1908	63	0	0	0	10	100		300		5
5	96	450	105	105	105	199	105	1935	63	0	0	0	10	100		300		5
5	97	457	106	106	106	201	106	1962	63	0	0	0	10	100		300		5
5	98	463	107	107	107	204	107	1989	63	0	0	0	10	100		300		5
5	99	469	108	108	108	207	108	2016	63	0	0	0	10	100		300		5
5	100	476	109	109	109	210	109	2043	63	0	0	0	10	100		300		5
5	101	484	110	110	110	213	110	2079	63	0	0	0	10	100		300		5
5	102	492	111	111	111	217	111	2115	63	0	0	0	10	100		300		5
5	103	501	112	112	112	220	112	2151	63	0	0	0	10	100		300		5
5	104	509	113	113	113	224	113	2187	63	0	0	0	10	100		300		5
5	105	518	114	114	114	228	114	2223	63	0	0	0	10	100		300		5
5	106	526	115	115	115	231	115	2259	63	0	0	0	10	100		300		5
5	107	534	116	116	116	235	116	2295	63	0	0	0	10	100		300		5
5	108	543	117	117	117	238	117	2331	63	0	0	0	10	100		300		5
5	109	551	118	118	118	242	118	2367	63	0	0	0	10	100		300		5
5	110	560	119	119	119	246	119	2403	63	0	0	0	10	100		300		5
5	111	568	120	120	120	249	120	2439	63	0	0	0	10	100		300		5
5	112	576	121	121	121	253	121	2475	63	0	0	0	10	100		300		5
5	113	585	122	122	122	256	122	2511	63	0	0	0	10	100		300		5
5	114	593	123	123	123	260	123	2547	63	0	0	0	10	100		300		5
5	115	602	124	124	124	264	124	2583	63	0	0	0	10	100		300		5
5	116	610	125	125	125	267	125	2619	63	0	0	0	10	100		300		5
5	117	618	126	126	126	271	126	2655	63	0	0	0	10	100		300		5
5	118	627	127	127	127	274	127	2691	63	0	0	0	10	100		300		5
5	119	635	128	128	128	278	128	2727	63	0	0	0	10	100		300		5
5	120	644	129	129	129	282	129	2763	63	0	0	0	10	100		300		5
5	121	652	130	130	130	285	130	2799	63	0	0	0	10	100		300		5
5	122	660	131	131	131	289	131	2835	63	0	0	0	10	100		300		5
5	123	669	132	132	132	292	132	2871	63	0	0	0	10	100		300		5
5	124	677	133	133	133	296	133	2907	63	0	0	0	10	100		300		5
5	125	686	134	134	134	300	134	2943	63	0	0	0	10	100		300		5
5	126	694	135	135	135	303	135	2979	63	0	0	0	10	100		300		5
5	127	702	136	136	136	307	136	3015	63	0	0	0	10	100		300		5
5	128	711	137	137	137	310	137	3051	63	0	0	0	10	100		300		5
5	129	719	138	138	138	314	138	3087	63	0	0	0	10	100		300		5
5	130	728	139	139	139	318	139	3123	63	0	0	0	10	100		300		5
5	131	736	140	140	140	321	140	3159	63	0	0	0	10	100		300		5
5	132	744	141	141	141	325	141	3195	63	0	0	0	10	100		300		5
5	133	753	142	142	142	328	142	3231	63	0	0	0	10	100		300		5
5	134	761	143	143	143	332	143	3267	63	0	0	0	10	100		300		5
5	135	770	144	144	144	336	144	3303	63	0	0	0	10	100		300		5
5	136	778	145	145	145	339	145	3339	63	0	0	0	10	100		300		5
5	137	786	146	146	146	343	146	3375	63	0	0	0	10	100		300		5
5	138	795	147	147	147	346	147	3411	63	0	0	0	10	100		300		5
5	139	803	148	148	148	350	148	3447	63	0	0	0	10	100		300		5
5	140	812	149	149	149	354	149	3483	63	0	0	0	10	100		300		5
5	141	822	150	150	150	358	150	3528	63	0	0	0	10	100		300		5
5	142	833	151	151	151	363	151	3573	63	0	0	0	10	100		300		5
5	143	843	152	152	152	367	152	3618	63	0	0	0	10	100		300		5
5	144	854	153	153	153	372	153	3663	63	0	0	0	10	100		300		5
5	145	864	154	154	154	376	154	3708	63	0	0	0	10	100		300		5
5	146	875	155	155	155	381	155	3753	63	0	0	0	10	100		300		5
5	147	885	156	156	156	385	156	3798	63	0	0	0	10	100		300		5
5	148	896	157	157	157	390	157	3843	63	0	0	0	10	100		300		5
5	149	906	158	158	158	394	158	3888	63	0	0	0	10	100		300		5
5	150	917	159	159	159	399	159	3933	63	0	0	0	10	100		300		5
6	1	13	10	15	10	10	10	115	50	0	0	0	10	100		300		5
6	2	14	11	17	11	11	11	130	50	0	0	0	10	100		300		5
6	3	16	12	18	12	12	12	144	50	0	0	0	10	100		300		5
6	4	17	13	20	13	13	13	158	50	0	0	0	10	100		300		5
6	5	18	14	22	14	14	14	173	50	0	0	0	10	100		300		5
6	6	19	15	24	15	15	15	187	50	0	0	0	10	100		300		5
6	7	20	16	26	16	16	16	202	50	0	0	0	10	100		300		5
6	8	22	17	27	17	17	17	216	50	0	0	0	10	100		300		5
6	9	23	18	29	18	18	18	230	50	0	0	0	10	100		300		5
6	10	24	19	31	19	19	19	245	50	0	0	0	10	100		300		5
6	11	25	20	33	20	20	20	259	50	0	0	0	10	100		300		5
6	12	26	21	35	21	21	21	274	50	0	0	0	10	100		300		5
6	13	28	22	36	22	22	22	288	50	0	0	0	10	100		300		5
6	14	29	23	38	23	23	23	302	50	0	0	0	10	100		300		5
6	15	30	24	40	24	24	24	317	50	0	0	0	10	100		300		5
6	16	31	25	42	25	25	25	331	50	0	0	0	10	100		300		5
6	17	32	26	44	26	26	26	346	50	0	0	0	10	100		300		5
6	18	34	27	45	27	27	27	360	50	0	0	0	10	100		300		5
6	19	35	28	47	28	28	28	374	50	0	0	0	10	100		300		5
6	20	36	29	49	29	29	29	389	50	0	0	0	10	100		300		5
6	21	38	30	53	30	30	30	418	50	0	0	0	10	100		300		5
6	22	41	31	56	31	31	31	446	50	0	0	0	10	100		300		5
6	23	43	32	60	32	32	32	475	50	0	0	0	10	100		300		5
6	24	46	33	63	33	33	33	504	50	0	0	0	10	100		300		5
6	25	48	34	67	34	34	34	533	50	0	0	0	10	100		300		5
6	26	50	35	71	35	35	35	562	50	0	0	0	10	100		300		5
6	27	53	36	74	36	36	36	590	50	0	0	0	10	100		300		5
6	28	55	37	78	37	37	37	619	50	0	0	0	10	100		300		5
6	29	58	38	81	38	38	38	648	50	0	0	0	10	100		300		5
6	30	60	39	85	39	39	39	677	50	0	0	0	10	100		300		5
6	31	62	40	89	40	40	40	706	50	0	0	0	10	100		300		5
6	32	65	41	92	41	41	41	734	50	0	0	0	10	100		300		5
6	33	67	42	96	42	42	42	763	50	0	0	0	10	100		300		5
6	34	70	43	99	43	43	43	792	50	0	0	0	10	100		300		5
6	35	72	44	103	44	44	44	821	50	0	0	0	10	100		300		5
6	36	74	45	107	45	45	45	850	50	0	0	0	10	100		300		5
6	37	77	46	110	46	46	46	878	50	0	0	0	10	100		300		5
6	38	79	47	114	47	47	47	907	50	0	0	0	10	100		300		5
6	39	82	48	117	48	48	48	936	50	0	0	0	10	100		300		5
6	40	84	49	121	49	49	49	965	50	0	0	0	10	100		300		5
6	41	86	50	125	50	50	50	994	50	0	0	0	10	100		300		5
6	42	89	51	128	51	51	51	1022	50	0	0	0	10	100		300		5
6	43	91	52	132	52	52	52	1051	50	0	0	0	10	100		300		5
6	44	94	53	135	53	53	53	1080	50	0	0	0	10	100		300		5
6	45	96	54	139	54	54	54	1109	50	0	0	0	10	100		300		5
6	46	98	55	143	55	55	55	1138	50	0	0	0	10	100		300		5
6	47	101	56	146	56	56	56	1166	50	0	0	0	10	100		300		5
6	48	103	57	150	57	57	57	1195	50	0	0	0	10	100		300		5
6	49	106	58	153	58	58	58	1224	50	0	0	0	10	100		300		5
6	50	108	59	157	59	59	59	1253	50	0	0	0	10	100		300		5
6	51	110	60	161	60	60	60	1282	50	0	0	0	10	100		300		5
6	52	113	61	164	61	61	61	1310	50	0	0	0	10	100		300		5
6	53	115	62	168	62	62	62	1339	50	0	0	0	10	100		300		5
6	54	118	63	171	63	63	63	1368	50	0	0	0	10	100		300		5
6	55	120	64	175	64	64	64	1397	50	0	0	0	10	100		300		5
6	56	122	65	179	65	65	65	1426	50	0	0	0	10	100		300		5
6	57	125	66	182	66	66	66	1454	50	0	0	0	10	100		300		5
6	58	127	67	186	67	67	67	1483	50	0	0	0	10	100		300		5
6	59	130	68	189	68	68	68	1512	50	0	0	0	10	100		300		5
6	60	132	69	193	69	69	69	1541	50	0	0	0	10	100		300		5
6	61	136	70	198	70	70	70	1584	50	0	0	0	10	100		300		5
6	62	139	71	204	71	71	71	1627	50	0	0	0	10	100		300		5
6	63	143	72	209	72	72	72	1670	50	0	0	0	10	100		300		5
6	64	146	73	215	73	73	73	1714	50	0	0	0	10	100		300		5
6	65	150	74	220	74	74	74	1757	50	0	0	0	10	100		300		5
6	66	154	75	225	75	75	75	1800	50	0	0	0	10	100		300		5
6	67	157	76	231	76	76	76	1843	50	0	0	0	10	100		300		5
6	68	161	77	236	77	77	77	1886	50	0	0	0	10	100		300		5
6	69	164	78	242	78	78	78	1930	50	0	0	0	10	100		300		5
6	70	168	79	247	79	79	79	1973	50	0	0	0	10	100		300		5
6	71	172	80	252	80	80	80	2016	50	0	0	0	10	100		300		5
6	72	175	81	258	81	81	81	2059	50	0	0	0	10	100		300		5
6	73	179	82	263	82	82	82	2102	50	0	0	0	10	100		300		5
6	74	182	83	269	83	83	83	2146	50	0	0	0	10	100		300		5
6	75	186	84	274	84	84	84	2189	50	0	0	0	10	100		300		5
6	76	190	85	279	85	85	85	2232	50	0	0	0	10	100		300		5
6	77	193	86	285	86	86	86	2275	50	0	0	0	10	100		300		5
6	78	197	87	290	87	87	87	2318	50	0	0	0	10	100		300		5
6	79	200	88	296	88	88	88	2362	50	0	0	0	10	100		300		5
6	80	204	89	301	89	89	89	2405	50	0	0	0	10	100		300		5
6	81	208	90	306	90	90	90	2448	50	0	0	0	10	100		300		5
6	82	211	91	312	91	91	91	2491	50	0	0	0	10	100		300		5
6	83	215	92	317	92	92	92	2534	50	0	0	0	10	100		300		5
6	84	218	93	323	93	93	93	2578	50	0	0	0	10	100		300		5
6	85	222	94	328	94	94	94	2621	50	0	0	0	10	100		300		5
6	86	226	95	333	95	95	95	2664	50	0	0	0	10	100		300		5
6	87	229	96	339	96	96	96	2707	50	0	0	0	10	100		300		5
6	88	233	97	344	97	97	97	2750	50	0	0	0	10	100		300		5
6	89	236	98	350	98	98	98	2794	50	0	0	0	10	100		300		5
6	90	240	99	355	99	99	99	2837	50	0	0	0	10	100		300		5
6	91	244	100	360	100	100	100	2880	50	0	0	0	10	100		300		5
6	92	247	101	366	101	101	101	2923	50	0	0	0	10	100		300		5
6	93	251	102	371	102	102	102	2966	50	0	0	0	10	100		300		5
6	94	254	103	377	103	103	103	3010	50	0	0	0	10	100		300		5
6	95	258	104	382	104	104	104	3053	50	0	0	0	10	100		300		5
6	96	262	105	387	105	105	105	3096	50	0	0	0	10	100		300		5
6	97	265	106	393	106	106	106	3139	50	0	0	0	10	100		300		5
6	98	269	107	398	107	107	107	3182	50	0	0	0	10	100		300		5
6	99	272	108	404	108	108	108	3226	50	0	0	0	10	100		300		5
6	100	276	109	409	109	109	109	3269	50	0	0	0	10	100		300		5
6	101	281	110	416	110	110	110	3326	50	0	0	0	10	100		300		5
6	102	286	111	423	111	111	111	3384	50	0	0	0	10	100		300		5
6	103	290	112	431	112	112	112	3442	50	0	0	0	10	100		300		5
6	104	295	113	438	113	113	113	3499	50	0	0	0	10	100		300		5
6	105	300	114	445	114	114	114	3557	50	0	0	0	10	100		300		5
6	106	305	115	452	115	115	115	3614	50	0	0	0	10	100		300		5
6	107	310	116	459	116	116	116	3672	50	0	0	0	10	100		300		5
6	108	314	117	467	117	117	117	3730	50	0	0	0	10	100		300		5
6	109	319	118	474	118	118	118	3787	50	0	0	0	10	100		300		5
6	110	324	119	481	119	119	119	3845	50	0	0	0	10	100		300		5
6	111	329	120	488	120	120	120	3902	50	0	0	0	10	100		300		5
6	112	334	121	495	121	121	121	3960	50	0	0	0	10	100		300		5
6	113	338	122	503	122	122	122	4018	50	0	0	0	10	100		300		5
6	114	343	123	510	123	123	123	4075	50	0	0	0	10	100		300		5
6	115	348	124	517	124	124	124	4133	50	0	0	0	10	100		300		5
6	116	353	125	524	125	125	125	4190	50	0	0	0	10	100		300		5
6	117	358	126	531	126	126	126	4248	50	0	0	0	10	100		300		5
6	118	362	127	539	127	127	127	4306	50	0	0	0	10	100		300		5
6	119	367	128	546	128	128	128	4363	50	0	0	0	10	100		300		5
6	120	372	129	553	129	129	129	4421	50	0	0	0	10	100		300		5
6	121	377	130	560	130	130	130	4478	50	0	0	0	10	100		300		5
6	122	382	131	567	131	131	131	4536	50	0	0	0	10	100		300		5
6	123	386	132	575	132	132	132	4594	50	0	0	0	10	100		300		5
6	124	391	133	582	133	133	133	4651	50	0	0	0	10	100		300		5
6	125	396	134	589	134	134	134	4709	50	0	0	0	10	100		300		5
6	126	401	135	596	135	135	135	4766	50	0	0	0	10	100		300		5
6	127	406	136	603	136	136	136	4824	50	0	0	0	10	100		300		5
6	128	410	137	611	137	137	137	4882	50	0	0	0	10	100		300		5
6	129	415	138	618	138	138	138	4939	50	0	0	0	10	100		300		5
6	130	420	139	625	139	139	139	4997	50	0	0	0	10	100		300		5
6	131	425	140	632	140	140	140	5054	50	0	0	0	10	100		300		5
6	132	430	141	639	141	141	141	5112	50	0	0	0	10	100		300		5
6	133	434	142	647	142	142	142	5170	50	0	0	0	10	100		300		5
6	134	439	143	654	143	143	143	5227	50	0	0	0	10	100		300		5
6	135	444	144	661	144	144	144	5285	50	0	0	0	10	100		300		5
6	136	449	145	668	145	145	145	5342	50	0	0	0	10	100		300		5
6	137	454	146	675	146	146	146	5400	50	0	0	0	10	100		300		5
6	138	458	147	683	147	147	147	5458	50	0	0	0	10	100		300		5
6	139	463	148	690	148	148	148	5515	50	0	0	0	10	100		300		5
6	140	468	149	697	149	149	149	5573	50	0	0	0	10	100		300		5
6	141	474	150	706	150	150	150	5645	50	0	0	0	10	100		300		5
6	142	480	151	715	151	151	151	5717	50	0	0	0	10	100		300		5
6	143	486	152	724	152	152	152	5789	50	0	0	0	10	100		300		5
6	144	492	153	733	153	153	153	5861	50	0	0	0	10	100		300		5
6	145	498	154	742	154	154	154	5933	50	0	0	0	10	100		300		5
6	146	504	155	751	155	155	155	6005	50	0	0	0	10	100		300		5
6	147	510	156	760	156	156	156	6077	50	0	0	0	10	100		300		5
6	148	516	157	769	157	157	157	6149	50	0	0	0	10	100		300		5
6	149	522	158	778	158	158	158	6221	50	0	0	0	10	100		300		5
6	150	528	159	787	159	159	159	6293	50	0	0	0	10	100		300		5
