编号	动作名称	备注	动作过程不着地	后续下落动作	着地id	着地进入疾跑	响应按键开始时间	响应帧	开始帧	结束帧	y轴初速度	前进初速度	是否强制前进初速度	起跳后摇杆前进速度	前进加速度	重力加速度	开始FOV变化帧数	变化的帧数	变化后的FOV	开始FOV恢复帧数	恢复的帧数	响应操作的帧数	拉高的相机高度	俯冲旋转角速度	高度	前进距离	时间	帧数	帧数	高度	时间	速度	帧数
key:group	aniFly		noFallingWhenAni	fallingAni	landAnis	landToFastRun	timeBetinInput	responseFrame	beginFrame	endFrame	speedY	speedZ	forceSpeedZ	inputSpeedZ	accZ	accY	fovStarFrame	fovLastFrame	toFov	fovRecoverStarFrame	fovRecoverLastFrame	responseOperationFrame	changeCameraHeight	glidingRotation									
str	str		bool	str	strs	bool	float	int	int	int	float	float	bool	float	float	float	int	int	int	int	int	int	float	float									
1901	jump_1	1		jump_down_loop_1	1907;1908		0.1	23	0	25	6	4			0	12									1.5	2	0.5	15	25	4.6	0.632455532033676	14.5464772367745	18.9736659610103
1902	jump_6	1		jump_down_loop_1	1907;1908		0.3	31	0	26	9	5			0	12									3.375	3.75	0.75	22.5	26	1.6	0.516397779494322	6.19677335393187	15.4919333848297
1903	jump_3	1		jump_down_loop_1	1907;1908		0.5	39	0	39	12	4			0	12							-0.005		6	4	1	30	39	2.5	0.645497224367903	7.74596669241483	19.3649167310371
1904	jump_4	1	1				1	115	0	11		4	1		0	2	12	20	65	100	60			0.8									
1904	jump_4	1	1				1	115	11	14	0	14	1		0	0								0.8		1.4				
1904	jump_4	1	1				1	115	14	83	0	12	1		0	0								0.8						
1904	jump_4	1	1				1	115	83	115	0	12	1		-4.5	0								0.8						
1904	jump_4	1	1	jump_down_loop_1	1907;1908		1	115	115	119		7	1		0	12								0.8	0		0	0		
1905	jump_5	1	1	jump_down_loop_1	1907;1908		-1	0	0	49	2	5	1		0	1	45	8	75					1.5	2		2	60		
1905	jump_5_loop	1		jump_down_loop_1	1909;1909		-1	0	0	101	-7	10	1		0	0								1.5				
1906	jump_2	1		jump_down_loop_2	1910;1910		0.3	35	0	33	10.5	10			0	12									4.59375		0.875	26.25		
1907	jump_land_1	1					0.3															4						
1908	jump_land_2	1					0.3															4						
1909	jump_5_land	1					0.3		0	40		10	1		-10	12				0	15	30						
1910	jump_land_3	1				1	0.3		0	22		6.82			10							20						
2901	jump_1	2		jump_down_loop_1			0.1	23	0	25	6	4			0	12									
2902	jump_6	2		jump_down_loop_1			0.3	31	0	26	9	5			0	12									
2903	jump_3	2		jump_down_loop_1			0.5	39	0	39	12	4			0	12							-0.005		
2904	jump_4	2	1				1	120	0	11		16	1		0	2	8	8	65	100	30			0.5	
2904	jump_4	2	1				1	120	11	14	0	16	1		0	0								0.5	
2904	jump_4	2	1				1	120	14	83	0	14	1		0	0								0.5	
2904	jump_4	2	1				1	120	83	115	0	14	1		-4.5	0								0.5	
2904	jump_4	2	1	jump_down_loop_1			1	120	115	122		8	1		0	12								0.5	
2905	jump_5	2	1	jump_down_loop_1			-1	0	0	49	2	6	1		0	1	45	8	75					1.5	
2905	jump_5_loop	2		jump_down_loop_1			-1	0	0	101	-7	10	1		0	0								1.5	
2906	jump_2	2		jump_down_loop_2			0.3	35	0	33	10.5	10			0	12									
2907	jump_land_1	2					0.3															4			
2908	jump_land_2	2					0.3															4			
2909	jump_5_land	2					0.3		0	40		10	1		-15	12				0	15	30			
2910	jump_land_3	2				1	0.3		0	22		6.82			10										
3901	jump_1	3		jump_down_loop_1	1907;1908		0.1	23	0	25	6	4			0	12									1.5	2	0.5	15	25	4.6	0.632455532033676	14.5464772367745	18.9736659610103
3902	jump_6	3		jump_down_loop_1	1907;1908		0.3	31	0	26	9	5			0	12									3.375	3.75	0.75	22.5	26	1.6	0.516397779494322	6.19677335393187	15.4919333848297
3903	jump_3	3		jump_down_loop_1	1907;1908		0.5	39	0	39	12	4			0	12							-0.005		6	4	1	30	39	2.5	0.645497224367903	7.74596669241483	19.3649167310371
3904	jump_4	3	1				1	115	0	11		4	1		0	2	12	20	65	100	60			1									
3904	jump_4	3	1				1	115	11	14	0	14	1		0	0								1		1.4				
3904	jump_4	3	1				1	115	14	83	0	12	1		0	0								1						
3904	jump_4	3	1				1	115	83	115	0	12	1		-4.5	0								1						
3904	jump_4	3	1	jump_down_loop_1	1907;1908		1	115	115	119		7	1		0	12								1	0		0	0		
3905	jump_5	3	1	jump_down_loop_1	1907;1908		-1	0	0	49	2	5	1		0	1	45	8	75					1.5	2		2	60		
3905	jump_5_loop	3		jump_down_loop_1	1909;1909		-1	0	0	101	-7	10	1		0	0								1.5				
3906	jump_2	3		jump_down_loop_2	1910;1910		0.3	35	0	33	10.5	10			0	12									4.59375		0.875	26.25		
3907	jump_land_1	3					0.3															4						
3908	jump_land_2	3					0.3															4						
3909	jump_5_land	3					0.3		0	40		10	1		-10	12				0	15	30						
3910	jump_land_3	3				1	0.3		0	22		6.82			10													
4901	jump_1	4		jump_down_loop_1	1907;1908		0.1	23	0	25	6	4			0	12									1.5	2	0.5	15	25	4.6	0.632455532033676	14.5464772367745	18.9736659610103
4902	jump_6	4		jump_down_loop_1	1907;1908		0.3	31	0	26	9	5			0	12									3.375	3.75	0.75	22.5	26	1.6	0.516397779494322	6.19677335393187	15.4919333848297
4903	jump_3	4		jump_down_loop_1	1907;1908		0.5	39	0	39	12	4			0	12							0.1		6	4	1	30	39	2.5	0.645497224367903	7.74596669241483	19.3649167310371
4904	jump_4	4	1				1	115	0	11		4	1		0	2	12	20	75	100	60			1									
4904	jump_4	4	1				1	115	11	14	0	14	1		0	0								1		1.4				
4904	jump_4	4	1				1	115	14	83	0	12	1		0	0								1						
4904	jump_4	4	1				1	115	83	115	0	12	1		-4.5	0								1						
4904	jump_4	4	1	jump_down_loop_1	1907;1908		1	120	115	122		7	1		0	12								1	0		0	0		
4905	jump_5	4	1	jump_down_loop_1	1907;1908		0.5	0	0	49	2	5	1		0	1	45	8	75					1.5	2		2	60		
4905	jump_5_loop	4		jump_down_loop_1	1909;1909		0.5	0	0	101	-7	10	1		0	0								1.5				
4906	jump_2	4		jump_down_loop_2	1910;1910		0.3	35	0	33	10.5	10			0	12									4.59375		0.875	26.25		
4907	jump_land_1	4					0.3															4						
4908	jump_land_2	4					0.3															4						
4909	jump_5_land	4					0.3		0	40		10	1		-10	12				0	15	40						
4910	jump_land_3	4				1	0.3		0	22		6.82			10													
