ID	魂魄名称	魂魄系别	子类型	强化等级	魂魄品质	强化所需魂能	额外材料	额外材料数量	强化成功率	需要角色等级	力量	智慧	根骨	体魄	敏捷	身法	额外伤害	伤害减免	暴击等级	暴击伤害等级	暴击防御等级	命中等级	回避等级	招架等级	物理穿透等级	物理防御	法术穿透等级	法术防御	生命值	金抗性	木抗性	水抗性	火抗性	土抗性	金伤害	木伤害	水伤害	火伤害	土伤害
id	name	type	childType	inforceLevel	quality	costNum	addMaterId	addMaterNum	inforceSuccRate	useLevel	sStrength	sIntelligence	sBone	sPhysique	sAgility	sBodyway	sExtraDamage	sDamageReduce	sCritLevel	sCritDamageLevel	sCritDefenseLevel	sHitLevel	sAvoidLevel	sParryLevel	sPhysicalPenetrateLevel	sPhysicalDefense	sMagicPenetrateLevel	sMagicDefense	sHp	sMetalResistance	sWoodResistance	sWaterResistance	sFireResistance	sEarthResistance	sMetalDamage	sWoodDamage	sWaterDamage	sFireDamage	sEarthDamageRate
int	str	int	int	int	int	int	int	int	int	int	SoulAttr	SoulAttr	SoulAttr	SoulAttr	SoulAttr	SoulAttr	SoulAttr	SoulAttr	SoulAttr	SoulAttr	SoulAttr	SoulAttr	SoulAttr	SoulAttr	SoulAttr	SoulAttr	SoulAttr	SoulAttr	SoulAttr	SoulAttr	SoulAttr	SoulAttr	SoulAttr	SoulAttr	SoulAttr	SoulAttr	SoulAttr	SoulAttr	SoulAttr
10001	蜃精精魄	1	1	0	2	1				30	6|-1	
10002	蜃精精魄	1	1	1	2	2				30	7|-1	
10003	蜃精精魄	1	1	2	3	3				40	8|-1	
10004	蜃精精魄	1	1	3	3	4				40	9|-1	
10005	蜃精精魄	1	1	4	4	5				50	10|-1	
10006	蜃精精魄	1	1	5	4	6				50	11|-1	
10007	蜃精精魄	1	1	6	5	7				60	12|-1	
10008	蜃精精魄	1	1	7	5	8				60	13|-1	
10009	蜃精精魄	1	1	8	6	9				70	14|-1	
10010	蜃精精魄	1	1	9	6	0				70	15|-1	
10011	花妖精魄	1	2	0	2	1				30		6|-1	
10012	花妖精魄	1	2	1	2	2				30		7|-1	
10013	花妖精魄	1	2	2	3	3				40		8|-1	
10014	花妖精魄	1	2	3	3	4				40		9|-1	
10015	花妖精魄	1	2	4	4	5				50		10|-1	
10016	花妖精魄	1	2	5	4	6				50		11|-1	
10017	花妖精魄	1	2	6	5	7				60		12|-1	
10018	花妖精魄	1	2	7	5	8				60		13|-1	
10019	花妖精魄	1	2	8	6	9				70		14|-1	
10020	花妖精魄	1	2	9	6	0				70		15|-1	
10021	火光兽精魄	1	3	0	2	1				30			6|-1	
10022	火光兽精魄	1	3	1	2	2				30			7|-1	
10023	火光兽精魄	1	3	2	3	3				40			8|-1	
10024	火光兽精魄	1	3	3	3	4				40			9|-1	
10025	火光兽精魄	1	3	4	4	5				50			10|-1	
10026	火光兽精魄	1	3	5	4	6				50			11|-1	
10027	火光兽精魄	1	3	6	5	7				60			12|-1	
10028	火光兽精魄	1	3	7	5	8				60			13|-1	
10029	火光兽精魄	1	3	8	6	9				70			14|-1	
10030	火光兽精魄	1	3	9	6	0				70			15|-1	
10031	祸斗兽精魄	1	4	0	2	1				30				6|-1	
10032	祸斗兽精魄	1	4	1	2	2				30				7|-1	
10033	祸斗兽精魄	1	4	2	3	3				40				8|-1	
10034	祸斗兽精魄	1	4	3	3	4				40				9|-1	
10035	祸斗兽精魄	1	4	4	4	5				50				10|-1	
10036	祸斗兽精魄	1	4	5	4	6				50				11|-1	
10037	祸斗兽精魄	1	4	6	5	7				60				12|-1	
10038	祸斗兽精魄	1	4	7	5	8				60				13|-1	
10039	祸斗兽精魄	1	4	8	6	9				70				14|-1	
10040	祸斗兽精魄	1	4	9	6	0				70				15|-1	
10041	毕方鸟精魄	1	5	0	2	1				30					6|-1	
10042	毕方鸟精魄	1	5	1	2	2				30					7|-1	
10043	毕方鸟精魄	1	5	2	3	3				40					8|-1	
10044	毕方鸟精魄	1	5	3	3	4				40					9|-1	
10045	毕方鸟精魄	1	5	4	4	5				50					10|-1	
10046	毕方鸟精魄	1	5	5	4	6				50					11|-1	
10047	毕方鸟精魄	1	5	6	5	7				60					12|-1	
10048	毕方鸟精魄	1	5	7	5	8				60					13|-1	
10049	毕方鸟精魄	1	5	8	6	9				70					14|-1	
10050	毕方鸟精魄	1	5	9	6	0				70					15|-1	
10051	翼蛇精魄	1	6	0	2	1				30						6|-1	
10052	翼蛇精魄	1	6	1	2	2				30						7|-1	
10053	翼蛇精魄	1	6	2	3	3				40						8|-1	
10054	翼蛇精魄	1	6	3	3	4				40						9|-1	
10055	翼蛇精魄	1	6	4	4	5				50						10|-1	
10056	翼蛇精魄	1	6	5	4	6				50						11|-1	
10057	翼蛇精魄	1	6	6	5	7				60						12|-1	
10058	翼蛇精魄	1	6	7	5	8				60						13|-1	
10059	翼蛇精魄	1	6	8	6	9				70						14|-1	
10060	翼蛇精魄	1	6	9	6	0				70						15|-1	
10101	隋军士兵精魄	2	1	0	2	1				30									6|-1		6|-1	
10102	隋军士兵精魄	2	1	1	2	2				30									7|-1		7|-1	
10103	隋军士兵精魄	2	1	2	3	3				40									8|-1		8|-1	
10104	隋军士兵精魄	2	1	3	3	4				40									9|-1		9|-1	
10105	隋军士兵精魄	2	1	4	4	5				50									10|-1		10|-1	
10106	隋军士兵精魄	2	1	5	4	6				50									11|-1		11|-1	
10107	隋军士兵精魄	2	1	6	5	7				60									12|-1		12|-1	
10108	隋军士兵精魄	2	1	7	5	8				60									13|-1		13|-1	
10109	隋军士兵精魄	2	1	8	6	9				70									14|-1		14|-1	
10110	隋军士兵精魄	2	1	9	6	0				70									15|-1		15|-1	
10111	隋军弓手精魄	2	2	0	2	1				30												6|-1	6|-1	
10112	隋军弓手精魄	2	2	1	2	2				30												7|-1	7|-1	
10113	隋军弓手精魄	2	2	2	3	3				40												8|-1	8|-1	
10114	隋军弓手精魄	2	2	3	3	4				40												9|-1	9|-1	
10115	隋军弓手精魄	2	2	4	4	5				50												10|-1	10|-1	
10116	隋军弓手精魄	2	2	5	4	6				50												11|-1	11|-1	
10117	隋军弓手精魄	2	2	6	5	7				60												12|-1	12|-1	
10118	隋军弓手精魄	2	2	7	5	8				60												13|-1	13|-1	
10119	隋军弓手精魄	2	2	8	6	9				70												14|-1	14|-1	
10120	隋军弓手精魄	2	2	9	6	0				70												15|-1	15|-1	
10121	隋军枪兵精魄	2	3	0	2	1				30	
10122	隋军枪兵精魄	2	3	1	2	2				30	
10123	隋军枪兵精魄	2	3	2	3	3				40	
10124	隋军枪兵精魄	2	3	3	3	4				40	
10125	隋军枪兵精魄	2	3	4	4	5				50	
10126	隋军枪兵精魄	2	3	5	4	6				50	
10127	隋军枪兵精魄	2	3	6	5	7				60	
10128	隋军枪兵精魄	2	3	7	5	8				60	
10129	隋军枪兵精魄	2	3	8	6	9				70	
10130	隋军枪兵精魄	2	3	9	6	0				70	
10131	隋军都尉精魄	2	4	0	2	1				30							6|-1	6|-1	
10132	隋军都尉精魄	2	4	1	2	2				30							7|-1	7|-1	
10133	隋军都尉精魄	2	4	2	3	3				40							8|-1	8|-1	
10134	隋军都尉精魄	2	4	3	3	4				40							9|-1	9|-1	
10135	隋军都尉精魄	2	4	4	4	5				50							10|-1	10|-1	
10136	隋军都尉精魄	2	4	5	4	6				50							11|-1	11|-1	
10137	隋军都尉精魄	2	4	6	5	7				60							12|-1	12|-1	
10138	隋军都尉精魄	2	4	7	5	8				60							13|-1	13|-1	
10139	隋军都尉精魄	2	4	8	6	9				70							14|-1	14|-1	
10140	隋军都尉精魄	2	4	9	6	0				70							15|-1	15|-1	
10141	强盗精魄	2	5	0	2	1				30															6|-1	6|-1	
10142	强盗精魄	2	5	1	2	2				30															7|-1	7|-1	
10143	强盗精魄	2	5	2	3	3				40															8|-1	8|-1	
10144	强盗精魄	2	5	3	3	4				40															9|-1	9|-1	
10145	强盗精魄	2	5	4	4	5				50															10|-1	10|-1	
10146	强盗精魄	2	5	5	4	6				50															11|-1	11|-1	
10147	强盗精魄	2	5	6	5	7				60															12|-1	12|-1	
10148	强盗精魄	2	5	7	5	8				60															13|-1	13|-1	
10149	强盗精魄	2	5	8	6	9				70															14|-1	14|-1	
10150	强盗精魄	2	5	9	6	0				70															15|-1	15|-1	
10151	修真道士精魄	2	6	0	2	1				30																	6|-1	6|-1	
10152	修真道士精魄	2	6	1	2	2				30																	7|-1	7|-1	
10153	修真道士精魄	2	6	2	3	3				40																	8|-1	8|-1	
10154	修真道士精魄	2	6	3	3	4				40																	9|-1	9|-1	
10155	修真道士精魄	2	6	4	4	5				50																	10|-1	10|-1	
10156	修真道士精魄	2	6	5	4	6				50																	11|-1	11|-1	
10157	修真道士精魄	2	6	6	5	7				60																	12|-1	12|-1	
10158	修真道士精魄	2	6	7	5	8				60																	13|-1	13|-1	
10159	修真道士精魄	2	6	8	6	9				70																	14|-1	14|-1	
10160	修真道士精魄	2	6	9	6	0				70																	15|-1	15|-1	
10201	仙女精魄	3	1	0	2	1				30																			6|-1	
10202	仙女精魄	3	1	1	2	2				30																			7|-1	
10203	仙女精魄	3	1	2	3	3				40																			8|-1	
10204	仙女精魄	3	1	3	3	4				40																			9|-1	
10205	仙女精魄	3	1	4	4	5				50																			10|-1	
10206	仙女精魄	3	1	5	4	6				50																			11|-1	
10207	仙女精魄	3	1	6	5	7				60																			12|-1	
10208	仙女精魄	3	1	7	5	8				60																			13|-1	
10209	仙女精魄	3	1	8	6	9				70																			14|-1	
10210	仙女精魄	3	1	9	6	0				70																			15|-1	
10211	白虎刺客精魄	3	2	0	2	1				30																				6|-1					6|-1	
10212	白虎刺客精魄	3	2	1	2	2				30																				7|-1					7|-1	
10213	白虎刺客精魄	3	2	2	3	3				40																				8|-1					8|-1	
10214	白虎刺客精魄	3	2	3	3	4				40																				9|-1					9|-1	
10215	白虎刺客精魄	3	2	4	4	5				50																				10|-1					10|-1	
10216	白虎刺客精魄	3	2	5	4	6				50																				11|-1					11|-1	
10217	白虎刺客精魄	3	2	6	5	7				60																				12|-1					12|-1	
10218	白虎刺客精魄	3	2	7	5	8				60																				13|-1					13|-1	
10219	白虎刺客精魄	3	2	8	6	9				70																				14|-1					14|-1	
10220	白虎刺客精魄	3	2	9	6	0				70																				15|-1					15|-1	
10221	青龙圣徒精魄	3	3	0	2	1				30																					6|-1					6|-1	
10222	青龙圣徒精魄	3	3	1	2	2				30																					7|-1					7|-1	
10223	青龙圣徒精魄	3	3	2	3	3				40																					8|-1					8|-1	
10224	青龙圣徒精魄	3	3	3	3	4				40																					9|-1					9|-1	
10225	青龙圣徒精魄	3	3	4	4	5				50																					10|-1					10|-1	
10226	青龙圣徒精魄	3	3	5	4	6				50																					11|-1					11|-1	
10227	青龙圣徒精魄	3	3	6	5	7				60																					12|-1					12|-1	
10228	青龙圣徒精魄	3	3	7	5	8				60																					13|-1					13|-1	
10229	青龙圣徒精魄	3	3	8	6	9				70																					14|-1					14|-1	
10230	青龙圣徒精魄	3	3	9	6	0				70																					15|-1					15|-1	
10231	玄武勇士精魄	3	4	0	2	1				30																						6|-1					6|-1	
10232	玄武勇士精魄	3	4	1	2	2				30																						7|-1					7|-1	
10233	玄武勇士精魄	3	4	2	3	3				40																						8|-1					8|-1	
10234	玄武勇士精魄	3	4	3	3	4				40																						9|-1					9|-1	
10235	玄武勇士精魄	3	4	4	4	5				50																						10|-1					10|-1	
10236	玄武勇士精魄	3	4	5	4	6				50																						11|-1					11|-1	
10237	玄武勇士精魄	3	4	6	5	7				60																						12|-1					12|-1	
10238	玄武勇士精魄	3	4	7	5	8				60																						13|-1					13|-1	
10239	玄武勇士精魄	3	4	8	6	9				70																						14|-1					14|-1	
10240	玄武勇士精魄	3	4	9	6	0				70																						15|-1					15|-1	
10241	朱雀斥候精魄	3	5	0	2	1				30																							6|-1					6|-1	
10242	朱雀斥候精魄	3	5	1	2	2				30																							7|-1					7|-1	
10243	朱雀斥候精魄	3	5	2	3	3				40																							8|-1					8|-1	
10244	朱雀斥候精魄	3	5	3	3	4				40																							9|-1					9|-1	
10245	朱雀斥候精魄	3	5	4	4	5				50																							10|-1					10|-1	
10246	朱雀斥候精魄	3	5	5	4	6				50																							11|-1					11|-1	
10247	朱雀斥候精魄	3	5	6	5	7				60																							12|-1					12|-1	
10248	朱雀斥候精魄	3	5	7	5	8				60																							13|-1					13|-1	
10249	朱雀斥候精魄	3	5	8	6	9				70																							14|-1					14|-1	
10250	朱雀斥候精魄	3	5	9	6	0				70																							15|-1					15|-1	
10251	一目民精魄	3	5	0	2	1				30																								6|-1					6|-1
10252	一目民精魄	3	5	1	2	2				30																								7|-1					7|-1
10253	一目民精魄	3	5	2	3	3				40																								8|-1					8|-1
10254	一目民精魄	3	5	3	3	4				40																								9|-1					9|-1
10255	一目民精魄	3	5	4	4	5				50																								10|-1					10|-1
10256	一目民精魄	3	5	5	4	6				50																								11|-1					11|-1
10257	一目民精魄	3	5	6	5	7				60																								12|-1					12|-1
10258	一目民精魄	3	5	7	5	8				60																								13|-1					13|-1
10259	一目民精魄	3	5	8	6	9				70																								14|-1					14|-1
10260	一目民精魄	3	5	9	6	0				70																								15|-1					15|-1
