宠物ID	宠物待机点坐标	是否贴地	开始移动距离	移动距离	奔跑距离	停止移动滑行距离	攻击间隔	主角死亡宠物待机点坐标	主角死亡宠物位移动画帧	主角复活宠物位移动画帧	主角死亡宠物动作播放间隔时间	坐骑时位置
id:group							attackInterval	
int							float	
201	-0.7;0.01;-0.35	1	0.05	0.5	0.5	0	3	-0.32;-0.15;1	52	18	0.5	0;0;0
202	-0.7;0.01;-0.35	1	0.05	0.5	0.5	0	3	-0.32;-0.15;1	52	18	0.5	0;0;0
203	-0.5;1.45;-0.45	0	0.05	0.5	0.5	0	3	-0.32;-0.15;1	52	18	0.5	0;0;0
204	-0.5;1.45;-0.45	0	0.05	0.5	0.5	0	3	-0.32;-0.15;1	52	18	0.5	0;0;0
205	-0.5;1.45;-0.45	0	0.05	0.5	0.5	0	3	-0.32;-0.15;1	52	18	0.5	0;0;0
206	-0.5;1.45;-0.45	0	0.05	0.5	0.5	0	3	-0.32;-0.15;1	52	18	0.5	0;0;0
207	-0.7;0.01;-0.35	1	0.05	0.5	0.5	0	3	-0.32;-0.15;1	52	18	0.5	0;0;0
208	-0.7;0.01;-0.35	1	0.05	0.5	0.5	0	3	-0.32;-0.15;1	52	18	0.5	0;0;0
209	-0.5;1.45;-0.45	0	0.05	0.5	0.5	0	3	-0.32;-0.15;1	52	18	0.5	0;0;0
210	-0.5;1.45;-0.45	0	0.05	0.5	0.5	0	3	-0.32;-0.15;1	52	18	0.5	0;0;0
211	-0.5;1.45;-0.45	0	0.05	0.5	0.5	0	3	-0.32;-0.15;1	52	18	0.5	0;0;0
212	-0.5;1.45;-0.45	0	0.05	0.5	0.5	0	3	-0.32;-0.15;1	52	18	0.5	0;0;0
213	-0.7;0.01;-0.35	1	0.05	0.5	0.5	0	3	-0.32;-0.15;1	52	18	0.5	0;0;0
214	-0.7;0.01;-0.35	1	0.05	0.5	0.5	0	3	-0.32;-0.15;1	52	18	0.5	0;0;0
221	-0.7;0.01;-0.35	1	0.05	0.5	0.5	0	3	-0.32;-0.15;1	52	18	0.5	0;0;0
222	-0.7;0.01;-0.35	1	0.05	0.5	0.5	0	3	-0.32;-0.15;1	52	18	0.5	0;0;0
223	-0.7;0.01;-0.35	1	0.05	0.5	0.5	0	3	-0.32;-0.15;1	52	18	0.5	0;0;0
224	-0.7;0.01;-0.35	1	0.05	0.5	0.5	0	3	-0.32;-0.15;1	52	18	0.5	0;0;0
225	-0.5;1.4;-0.4	0	0.05	0.5	0.5	0	3	-0.32;-0.15;1	52	18	0.5	0;0;0
226	-0.5;1.4;-0.4	0	0.05	0.5	0.5	0	3	-0.32;-0.15;1	52	18	0.5	0;0;0
227	-0.5;1.55;-0.45	0	0.05	0.5	0.5	0	3	-0.32;-0.15;1	52	18	0.5	0;0;0
228	-0.5;1.55;-0.45	0	0.05	0.5	0.5	0	3	-0.32;-0.15;1	52	18	0.5	0;0;0
229	-0.7;0.01;-0.35	1	0.05	0.5	0.5	0	3	-0.32;-0.15;1	52	18	0.5	0;0;0
230	-0.7;0.01;-0.35	1	0.05	0.5	0.5	0	3	-0.32;-0.15;1	52	18	0.5	0;0;0
231	-0.5;1.55;-0.45	0	0.05	0.5	0.5	0	3	-0.32;-0.15;1	52	18	0.5	0;0;0
232	-0.5;1.55;-0.45	0	0.05	0.5	0.5	0	3	-0.32;-0.15;1	52	18	0.5	0;0;0
241	-0.7;0.01;-0.35	1	0.05	0.5	0.5	0	3	-0.32;-0.15;1	52	18	0.5	0;0;0
242	-0.7;0.01;-0.35	1	0.05	0.5	0.5	0	3	-0.32;-0.15;1	52	18	0.5	0;0;0
243	-0.5;1.55;-0.45	0	0.05	0.5	0.5	0	3	-0.32;-0.15;1	52	18	0.5	0;0;0
244	-0.5;1.55;-0.45	0	0.05	0.5	0.5	0	3	-0.32;-0.15;1	52	18	0.5	0;0;0
245	-0.5;1.4;-0.4	0	0.05	0.5	0.5	0	3	-0.32;-0.15;1	52	18	0.5	0;0;0
246	-0.5;1.4;-0.4	0	0.05	0.5	0.5	0	3	-0.32;-0.15;1	52	18	0.5	0;0;0
247	-0.7;0.01;-0.35	1	0.05	0.5	0.5	0	3	-0.32;-0.15;1	52	18	0.5	0;0;0
248	-0.7;0.01;-0.35	1	0.05	0.5	0.5	0	3	-0.32;-0.15;1	52	18	0.5	0;0;0
251	-0.5;1.4;-0.4	0	0.05	0.5	0.5	0	3	-0.32;-0.15;1	52	18	0.5	0;0;0
252	-0.5;1.4;-0.4	0	0.05	0.5	0.5	0	3	-0.32;-0.15;1	52	18	0.5	0;0;0
253	-0.7;0.01;-0.35	1	0.05	0.5	0.5	0	3	-0.32;-0.15;1	52	18	0.5	0;0;0
254	-0.5;1.4;-0.4	0	0.05	0.5	0.5	0	3	-0.32;-0.15;1	52	18	0.5	0;0;0
